 ,Financial Institution,Location,High,Low,Open ,Close,Aggregated Data 2 Days,Aggregated Data 3 Days,Aggregated Data for 5 Days,Volume,Number Employees,Net Change 0 (Numeric),Net Change 0 (Nominal),Net Change 5 (Numeric),Net Change 5 (Nominal),Net Change 25 (Numeric),Net Change  25 (Nominal)
30/11/2012,COF,McLean,58.349998,57.43,58.099998,57.599998,57.47,57.6,57.6,3338700,"49,900",-0.5,Negative,-0.83,Negative,4.78,Positive
3/12/2012,COF,McLean,58.110001,57.27,57.84,57.330002,57.18,57.33,57.33,2889600,"49,900",-0.51,Negative,-0.77,Negative,4.32,Positive
4/12/2012,COF,McLean,57.400002,56.630001,57.369999,57.02,57.03,57.02,57.02,2391400,"49,900",-0.35,Negative,0.13,Positive,4.94,Positive
5/12/2012,COF,McLean,57.790001,56.450001,57.240002,57.049999,57.16,57.05,57.05,3125600,"49,900",-0.19,Negative,1.02,Positive,5.63,Positive
6/12/2012,COF,McLean,57.93,56.330002,57.93,57.27,57.17,57.27,57.27,2946000,"49,900",-0.66,Negative,0.49,Positive,4.06,Positive
7/12/2012,COF,McLean,57.98,56.82,57.639999,57.07,57.29,57.07,57.07,3205800,"49,900",-0.57,Negative,0.36,Positive,3.64,Positive
10/12/2012,COF,McLean,57.799999,56.779999,56.91,57.5,57.88,57.5,57.5,2931400,"49,900",0.59,Positive,-0.08,Negative,4.79,Positive
11/12/2012,COF,McLean,58.700001,57.610001,57.66,58.259998,58.34,58.26,58.26,4002200,"49,900",0.6,Positive,0.35,Positive,4.09,Positive
12/12/2012,COF,McLean,58.91,57.82,58.389999,58.419998,58.21,58.42,58.42,3744900,"49,900",0.03,Positive,1.47,Positive,3.20,Positive
13/12/2012,COF,McLean,58.529999,57.73,58.400002,58,57.42,58,58,3087700,"49,900",-0.4,Negative,0.32,Positive,-1.41,Negative
14/12/2012,COF,McLean,57.93,56.669998,57.82,56.830002,57.42,56.83,56.83,3363600,"49,900",-0.99,Negative,1.33,Positive,-1.66,Negative
17/12/2012,COF,McLean,58.27,57.049999,57.09,58.009998,58.93,58.01,58.01,3700000,"49,900",0.92,Positive,1.80,Positive,-0.85,Negative
18/12/2012,COF,McLean,59.939999,58.240002,58.240002,59.860001,59.29,59.86,59.86,5200100,"49,900",1.62,Positive,0.31,Positive,-1.38,Negative
19/12/2012,COF,McLean,59.900002,58.709999,59.849998,58.720001,58.94,58.72,58.72,3513900,"49,900",-1.13,Negative,-2.06,Negative,-3.53,Negative
20/12/2012,COF,McLean,59.169998,58.290001,58.68,59.150002,59.02,59.15,59.15,6657400,"49,900",0.47,Positive,-1.33,Negative,-2.68,Negative
21/12/2012,COF,McLean,59.380001,58.310001,58.790001,58.889999,58.72,58.89,58.89,4359300,"49,900",0.1,Positive,-1.69,Negative,-3.17,Negative
24/12/2012,COF,McLean,58.860001,58.389999,58.860001,58.549999,58.17,58.55,58.55,578100,"49,900",-0.31,Negative,-0.93,Negative,-2.30,Negative
26/12/2012,COF,McLean,58.779999,57.639999,58.610001,57.790001,57.57,57.79,57.79,1674500,"49,900",-0.82,Negative,2.62,Positive,-2.29,Negative
27/12/2012,COF,McLean,57.970001,56.450001,57.889999,57.349998,57.22,57.35,57.35,2365400,"49,900",-0.54,Negative,2.66,Positive,-1.39,Negative
28/12/2012,COF,McLean,57.400002,56.73,56.93,57.099998,57.51,57.1,57.1,2073200,"49,900",0.17,Positive,5.03,Positive,-0.54,Negative
31/12/2012,COF,McLean,57.950001,56.470001,56.77,57.93,59.58,57.93,57.93,2733500,"49,900",1.16,Positive,6.11,Positive,0.36,Positive
2/1/2013,COF,McLean,61.25,59.299999,59.529999,61.23,60.89,61.23,61.23,6661100,"49,900",1.7,Positive,2.63,Positive,-2.06,Negative
3/1/2013,COF,McLean,61.32,60.360001,60.889999,60.549999,61.25,60.55,60.55,5730000,"49,900",-0.34,Negative,1.42,Positive,-3.70,Negative
4/1/2013,COF,McLean,61.959999,60.630001,60.779999,61.959999,62.42,61.96,61.96,4273700,"49,900",1.18,Positive,2.09,Positive,-3.51,Negative
7/1/2013,COF,McLean,62.919998,61.599998,61.799999,62.880001,62.52,62.88,62.88,6413400,"49,900",1.08,Positive,0.19,Positive,-5.25,Negative
8/1/2013,COF,McLean,62.610001,61.580002,62.490002,62.16,62.24,62.16,62.16,3826700,"49,900",-0.33,Negative,-1.21,Negative,-6.71,Negative
9/1/2013,COF,McLean,62.669998,62.18,62.369999,62.310001,62.59,62.31,62.31,2894900,"49,900",-0.06,Negative,-0.67,Negative,-7.30,Negative
10/1/2013,COF,McLean,62.869999,62.130001,62.73,62.869999,62.43,62.87,62.87,4569400,"49,900",0.14,Positive,-0.98,Negative,-7.14,Negative
11/1/2013,COF,McLean,62.790001,61.84,62.490002,61.990002,61.64,61.99,61.99,3377400,"49,900",-0.5,Negative,-0.90,Negative,-8.46,Negative
14/01/2013,COF,McLean,62.900002,60.880001,62.779999,61.279999,61.49,61.28,61.28,4904700,"49,900",-1.5,Negative,-5.79,Negative,-9.66,Negative
15/01/2013,COF,McLean,61.849998,61.09,61.09,61.700001,61.73,61.7,61.7,2781200,"49,900",0.61,Positive,-4.93,Negative,-8.82,Negative
16/01/2013,COF,McLean,61.779999,61.060001,61.41,61.75,61.67,61.75,61.75,4057700,"49,900",0.34,Positive,-5.17,Negative,-9.20,Negative
17/01/2013,COF,McLean,62.139999,61.240002,61.880001,61.59,59.29,61.59,61.59,6044700,"49,900",-0.29,Negative,-5.02,Negative,-9.60,Negative
18/01/2013,COF,McLean,57.5,56.209999,56.59,56.990002,56.58,56.99,56.99,27136300,"49,900",0.4,Positive,-0.27,Negative,-5.79,Negative
22/01/2013,COF,McLean,56.900002,56.080002,56.860001,56.16,56.2,56.16,56.16,8788900,"49,900",-0.7,Negative,-0.86,Negative,-5.39,Negative
23/01/2013,COF,McLean,56.759998,56.080002,56.32,56.240002,56.55,56.24,56.24,4814900,"49,900",-0.08,Negative,-0.70,Negative,-4.73,Negative
24/01/2013,COF,McLean,56.93,56.200001,56.240002,56.860001,56.59,56.86,56.86,5489000,"49,900",0.62,Positive,0.32,Positive,-5.21,Negative
25/01/2013,COF,McLean,57.330002,56.02,56.98,56.32,56.16,56.32,56.32,6656200,"49,900",-0.66,Negative,-0.66,Negative,-5.11,Negative
28/01/2013,COF,McLean,56.59,55.900002,56.580002,56,55.81,56,56,5616300,"49,900",-0.58,Negative,-0.08,Negative,-3.46,Negative
29/01/2013,COF,McLean,56.009998,55.130001,55.669998,55.619999,56.09,55.62,55.62,6769000,"49,900",-0.05,Negative,0.72,Positive,-1.72,Negative
30/01/2013,COF,McLean,56.720001,55.450001,55.459999,56.560001,56.44,56.56,56.56,5605300,"49,900",1.1,Positive,1.67,Positive,-1.15,Negative
31/01/2013,COF,McLean,56.75,56.18,56.41,56.32,56.41,56.32,56.32,4628900,"49,900",-0.09,Negative,1.06,Positive,-1.99,Negative
1/2/2013,COF,McLean,57.049999,56.32,56.779999,56.5,56.44,56.5,56.5,6329900,"49,900",-0.28,Negative,0.41,Positive,-2.58,Negative
4/2/2013,COF,McLean,56.68,56.009998,56.110001,56.389999,56.76,56.39,56.39,4016800,"49,900",0.28,Positive,1.16,Positive,-1.13,Negative
5/2/2013,COF,McLean,57.369999,56.470001,56.740002,57.130001,57.3,57.13,57.13,4832800,"49,900",0.39,Positive,-0.19,Negative,-2.14,Negative
6/2/2013,COF,McLean,57.91,56.709999,56.790001,57.470001,57.33,57.47,57.47,4668200,"49,900",0.68,Positive,-1.01,Negative,-2.16,Negative
7/2/2013,COF,McLean,57.84,56.790001,57.75,57.189999,57.23,57.19,57.19,5030000,"49,900",-0.56,Negative,-2.68,Negative,-3.24,Negative
8/2/2013,COF,McLean,57.560001,56.889999,57.380001,57.27,56.91,57.27,57.27,3733100,"49,900",-0.11,Negative,-1.79,Negative,-2.19,Negative
11/2/2013,COF,McLean,57.080002,56.330002,57.02,56.549999,56.16,56.55,56.55,3865900,"49,900",-0.47,Negative,-2.99,Negative,-2.36,Negative
12/2/2013,COF,McLean,56.529999,55.330002,56.419998,55.779999,55.42,55.78,55.78,8458900,"49,900",-0.64,Negative,-3.30,Negative,-2.78,Negative
13/02/2013,COF,McLean,56.099998,55.049999,55.799999,55.07,55.33,55.07,55.07,7385400,"49,900",-0.73,Negative,-3.53,Negative,-1.89,Negative
14/02/2013,COF,McLean,55.619999,54.740002,54.959999,55.59,54.81,55.59,55.59,6629400,"49,900",0.63,Positive,-2.75,Negative,-1.25,Negative
15/02/2013,COF,McLean,56.09,53.68,56.09,54.029999,53.57,54.03,54.03,9782600,"49,900",-2.06,Negative,-3.81,Negative,-1.99,Negative
19/02/2013,COF,McLean,54,52.950001,53.990002,53.119999,52.69,53.12,53.12,9927100,"49,900",-0.87,Negative,-3.19,Negative,0.60,Positive
20/02/2013,COF,McLean,52.990002,51.900002,52.25,52.27,52.24,52.27,52.27,12105900,"49,900",0.02,Positive,-0.78,Negative,2.81,Positive
21/02/2013,COF,McLean,52.419998,51.830002,52.139999,52.209999,52.24,52.21,52.21,6306300,"49,900",0.07,Positive,-0.55,Negative,2.68,Positive
22/02/2013,COF,McLean,52.66,51.919998,52.610001,52.279999,51.54,52.28,52.28,5695700,"49,900",-0.33,Negative,-1.58,Negative,2.34,Positive
25/02/2013,COF,McLean,52.57,50.799999,52.450001,50.799999,51.14,50.8,50.8,6376800,"49,900",-1.65,Negative,-0.58,Negative,1.23,Positive
26/02/2013,COF,McLean,51.610001,50.689999,51.279999,51.470001,51.53,51.47,51.47,6155400,"49,900",0.19,Positive,1.84,Positive,3.35,Positive
27/02/2013,COF,McLean,51.73,50.919998,51.34,51.59,51.31,51.59,51.59,6580800,"49,900",0.25,Positive,2.61,Positive,2.82,Positive
28/02/2013,COF,McLean,51.630001,50.740002,51.400002,51.029999,51.45,51.03,51.03,6471200,"49,900",-0.37,Negative,2.91,Positive,3.67,Positive
1/3/2013,COF,McLean,51.950001,50.209999,50.209999,51.869999,52.49,51.87,51.87,11378200,"49,900",1.66,Positive,4.21,Positive,4.50,Positive
4/3/2013,COF,McLean,53.23,51.73,51.740002,53.119999,53.54,53.12,53.12,9440900,"49,900",1.38,Positive,2.46,Positive,3.67,Positive
5/3/2013,COF,McLean,54.849998,53.43,53.610001,53.950001,54.13,53.95,53.95,10804300,"49,900",0.34,Positive,1.37,Positive,2.20,Positive
6/3/2013,COF,McLean,54.599998,53.950001,54.290001,54.310001,54.36,54.31,54.31,6279400,"49,900",0.02,Positive,0.31,Positive,1.47,Positive
7/3/2013,COF,McLean,54.709999,54.029999,54.360001,54.419998,54.31,54.42,54.42,4861300,"49,900",0.06,Positive,0.27,Positive,0.46,Positive
8/3/2013,COF,McLean,54.84,53.59,54.799999,54.200001,54.59,54.2,54.2,4184600,"49,900",-0.6,Negative,-0.29,Negative,-0.14,Negative
11/3/2013,COF,McLean,55.02,53.84,54.259998,54.98,54.79,54.98,54.98,3983100,"49,900",0.72,Positive,0.93,Positive,-1.16,Negative
12/3/2013,COF,McLean,55.23,54.439999,55,54.599998,54.61,54.6,54.6,5322000,"49,900",-0.4,Negative,-0.34,Negative,-1.67,Negative
13/03/2013,COF,McLean,55.119999,54.529999,54.619999,54.630001,54.57,54.63,54.63,3115700,"49,900",0.01,Positive,-0.98,Negative,-1.86,Negative
14/03/2013,COF,McLean,55.040001,54.220001,54.82,54.509998,54.85,54.51,54.51,3733800,"49,900",-0.31,Negative,-0.91,Negative,-2.03,Negative
15/03/2013,COF,McLean,55.259998,54.369999,54.66,55.189999,54.92,55.19,55.19,8652100,"49,900",0.53,Positive,-0.95,Negative,1.51,Positive
18/03/2013,COF,McLean,54.98,54.25,54.529999,54.66,54.15,54.66,54.66,3219200,"49,900",0.13,Positive,-0.43,Negative,0.83,Positive
19/03/2013,COF,McLean,54.939999,53.169998,54.939999,53.639999,53.77,53.64,53.64,6083000,"49,900",-1.3,Negative,-0.35,Negative,1.40,Positive
20/03/2013,COF,McLean,54.099998,53.540001,53.970001,53.91,53.81,53.91,53.91,4943900,"49,900",-0.06,Negative,1.09,Positive,3.09,Positive
21/03/2013,COF,McLean,54.07,53.48,53.48,53.709999,53.9,53.71,53.71,3292700,"49,900",0.23,Positive,1.34,Positive,3.55,Positive
22/03/2013,COF,McLean,54.16,53.580002,53.689999,54.099998,54.34,54.1,54.1,2431800,"49,900",0.41,Positive,1.26,Positive,3.46,Positive
25/03/2013,COF,McLean,54.709999,53.900002,54.400002,54.59,54.83,54.59,54.59,4540100,"49,900",0.19,Positive,-0.72,Negative,3.11,Positive
26/03/2013,COF,McLean,55.52,54.849998,54.900002,55.060001,54.94,55.06,55.06,4867400,"49,900",0.16,Positive,-0.27,Negative,2.88,Positive
27/03/2013,COF,McLean,55.209999,54.57,54.650002,54.82,54.89,54.82,54.82,2530900,"49,900",0.17,Positive,-0.49,Negative,2.70,Positive
28/03/2013,COF,McLean,55,54.650002,54.75,54.950001,54.32,54.95,54.95,2644600,"49,900",0.2,Positive,0.32,Positive,3.43,Positive
1/4/2013,COF,McLean,55.060001,53.439999,55.060001,53.68,54.16,53.68,53.68,3320900,"49,900",-1.38,Negative,-0.35,Negative,3.46,Positive
2/4/2013,COF,McLean,54.68,53.849998,53.849998,54.630001,54.4,54.63,54.63,4061500,"49,900",0.78,Positive,1.56,Positive,5.20,Positive
3/4/2013,COF,McLean,54.709999,53.939999,54.630001,54.16,54.62,54.16,54.16,4133600,"49,900",-0.47,Negative,1.18,Positive,4.45,Positive
4/4/2013,COF,McLean,55.130001,54.080002,54.150002,55.07,54.89,55.07,55.07,4848600,"49,900",0.92,Positive,1.61,Positive,5.69,Positive
5/4/2013,COF,McLean,54.84,53.82,54.360001,54.709999,55.06,54.71,54.71,3679700,"49,900",0.35,Positive,0.46,Positive,4.79,Positive
8/4/2013,COF,McLean,55.470001,54.32,54.529999,55.41,55.61,55.41,55.41,2752500,"49,900",0.88,Positive,0.13,Positive,4.98,Positive
9/4/2013,COF,McLean,56.16,55.400002,55.5,55.810001,55.78,55.81,55.81,4490700,"49,900",0.31,Positive,-2.40,Negative,3.31,Positive
10/4/2013,COF,McLean,56.5,55.740002,55.959999,55.759998,55.29,55.76,55.76,3652000,"49,900",-0.2,Negative,-2.63,Negative,3.64,Positive
11/4/2013,COF,McLean,55.82,54.790001,55.77,54.82,54.74,54.82,54.82,4461400,"49,900",-0.95,Negative,-3.01,Negative,4.34,Positive
12/4/2013,COF,McLean,54.799999,53.91,54.59,54.66,53.88,54.66,54.66,4026000,"49,900",0.07,Positive,-1.80,Negative,4.56,Positive
15/04/2013,COF,McLean,54.389999,53.060001,54.360001,53.099998,53.22,53.1,53.1,5634700,"49,900",-1.26,Negative,1.81,Positive,6.47,Positive
16/04/2013,COF,McLean,53.709999,52.75,53.549999,53.330002,53.05,53.33,53.33,4768800,"49,900",-0.22,Negative,1.81,Positive,8.26,Positive
17/04/2013,COF,McLean,53.119999,52.450001,52.830002,52.759998,52.77,52.76,52.76,5379800,"49,900",-0.07,Negative,3.51,Positive,9.28,Positive
18/04/2013,COF,McLean,53.27,52.34,52.849998,52.790001,54.48,52.79,52.79,5486700,"49,900",-0.06,Negative,4.21,Positive,8.69,Positive
19/04/2013,COF,McLean,56.490002,54.400002,54.970001,56.169998,55.76,56.17,56.17,13367200,"49,900",1.2,Positive,2.06,Positive,6.27,Positive
22/04/2013,COF,McLean,56.34,55.130001,56.290001,55.360001,55.85,55.36,55.36,4598000,"49,900",-0.93,Negative,0.86,Positive,4.84,Positive
23/04/2013,COF,McLean,56.580002,55.490002,56.029999,56.34,56.7,56.34,56.34,5034500,"49,900",0.31,Positive,1.48,Positive,5.78,Positive
24/04/2013,COF,McLean,57.110001,56.189999,56.25,57.060001,57.05,57.06,57.06,5587100,"49,900",0.81,Positive,1.53,Positive,5.35,Positive
25/04/2013,COF,McLean,57.549999,56.779999,57.049999,57.029999,57.09,57.03,57.03,4302900,"49,900",-0.02,Negative,0.30,Positive,5.38,Positive
26/04/2013,COF,McLean,57.389999,56.669998,57.169998,57.150002,57.33,57.15,57.15,3426000,"49,900",-0.02,Negative,1.01,Positive,3.76,Positive
29/04/2013,COF,McLean,57.57,57.200001,57.299999,57.509998,57.64,57.51,57.51,4659300,"49,900",0.21,Positive,1.22,Positive,4.61,Positive
30/04/2013,COF,McLean,57.93,57.330002,57.490002,57.779999,57.56,57.78,57.78,3219100,"49,900",0.29,Positive,1.56,Positive,3.77,Positive
1/5/2013,COF,McLean,57.849998,57.16,57.779999,57.349998,57.76,57.35,57.35,2752100,"49,900",-0.43,Negative,1.30,Positive,2.41,Positive
2/5/2013,COF,McLean,58.32,57.049999,57.330002,58.18,58.35,58.18,58.18,3555700,"49,900",0.85,Positive,2.51,Positive,3.44,Positive
3/5/2013,COF,McLean,59.639999,58.400002,58.700001,58.52,58.78,58.52,58.52,4101300,"49,900",-0.18,Negative,0.45,Positive,3.63,Positive
6/5/2013,COF,McLean,59.27,58.259998,58.470001,59.049999,59.07,59.05,59.05,3410600,"49,900",0.58,Positive,1.04,Positive,4.07,Positive
7/5/2013,COF,McLean,59.400002,58.889999,59.099998,59.080002,59.46,59.08,59.08,3236200,"49,900",-0.02,Negative,-0.29,Negative,2.36,Positive
8/5/2013,COF,McLean,59.849998,58.470001,58.84,59.84,59.5,59.84,59.84,3885300,"49,900",1,Positive,0.76,Positive,2.54,Positive
9/5/2013,COF,McLean,59.689999,58.84,59.689999,59.150002,59.33,59.15,59.15,2567000,"49,900",-0.54,Negative,0.42,Positive,2.66,Positive
10/5/2013,COF,McLean,59.509998,58.84,59.290001,59.509998,59.16,59.51,59.51,2723300,"49,900",0.22,Positive,-0.14,Negative,1.72,Positive
13/05/2013,COF,McLean,59.52,58.5,59.380001,58.810001,59.2,58.81,58.81,2380700,"49,900",-0.57,Negative,1.45,Positive,2.62,Positive
14/05/2013,COF,McLean,59.799999,58.889999,58.959999,59.599998,59.85,59.6,59.6,3259900,"49,900",0.64,Positive,2.85,Positive,3.14,Positive
15/05/2013,COF,McLean,60.279999,59.330002,59.59,60.110001,59.63,60.11,60.11,3206900,"49,900",0.52,Positive,2.52,Positive,2.22,Positive
16/05/2013,COF,McLean,60,58.970001,59.919998,59.150002,59.99,59.15,59.15,3575800,"49,900",-0.77,Negative,1.62,Positive,1.70,Positive
17/05/2013,COF,McLean,60.950001,59.380001,59.509998,60.830002,61.32,60.83,60.83,4108000,"49,900",1.32,Positive,1.73,Positive,1.85,Positive
20/05/2013,COF,McLean,62.060001,60.720001,60.720001,61.810001,61.96,61.81,61.81,3618500,"49,900",1.09,Positive,0.41,Positive,-0.75,Negative
21/05/2013,COF,McLean,62.41,61.59,61.860001,62.110001,61.83,62.11,62.11,3339300,"49,900",0.25,Positive,-0.05,Negative,-0.75,Negative
22/05/2013,COF,McLean,63.630001,61.23,62.130001,61.540001,61.39,61.54,61.54,5850000,"49,900",-0.59,Negative,-0.53,Negative,-0.56,Negative
23/05/2013,COF,McLean,61.66,60.5,60.98,61.240002,61.19,61.24,61.24,3538700,"49,900",0.26,Positive,1.45,Positive,1.71,Positive
24/05/2013,COF,McLean,61.220001,60.5,60.810001,61.130001,61.47,61.13,61.13,3903000,"49,900",0.32,Positive,0.12,Positive,2.00,Positive
28/05/2013,COF,McLean,62.540001,61.740002,62,61.810001,61.7,61.81,61.81,5252100,"49,900",-0.19,Negative,-0.09,Negative,1.59,Positive
29/05/2013,COF,McLean,62.02,61.07,61.32,61.599998,62.01,61.6,61.6,3918300,"49,900",0.28,Positive,-0.06,Negative,2.92,Positive
30/05/2013,COF,McLean,62.98,61.540001,61.73,62.43,61.68,62.43,62.43,5352900,"49,900",0.7,Positive,-1.54,Negative,2.19,Positive
31/05/2013,COF,McLean,62.119999,60.93,62.07,60.93,61.42,60.93,60.93,5334500,"49,900",-1.14,Negative,-1.30,Negative,3.59,Positive
3/6/2013,COF,McLean,62,60.810001,61.18,61.91,61.58,61.91,61.91,3295800,"49,900",0.73,Positive,1.15,Positive,4.36,Positive
4/6/2013,COF,McLean,62.259998,61.110001,61.880001,61.259998,60.72,61.26,61.26,2851700,"49,900",-0.62,Negative,0.66,Positive,3.65,Positive
5/6/2013,COF,McLean,61.360001,59.889999,61.07,60.189999,60.48,60.19,60.19,3487200,"49,900",-0.88,Negative,0.39,Positive,3.84,Positive
6/6/2013,COF,McLean,60.790001,59.669998,60.130001,60.77,61.55,60.77,60.77,2939900,"49,900",0.64,Positive,1.25,Positive,5.68,Positive
7/6/2013,COF,McLean,62.389999,61.25,61.310001,62.330002,62.44,62.33,62.33,3684100,"49,900",1.02,Positive,1.04,Positive,5.50,Positive
10/6/2013,COF,McLean,62.939999,62.18,62.34,62.540001,62,62.54,62.54,2270900,"49,900",0.2,Positive,-1.33,Negative,4.51,Positive
11/6/2013,COF,McLean,62.169998,61.27,61.900002,61.459999,61.42,61.46,61.46,2624200,"49,900",-0.44,Negative,0.10,Positive,4.78,Positive
12/6/2013,COF,McLean,62.110001,61.119999,61.860001,61.380001,61.86,61.38,61.38,2058200,"49,900",-0.48,Negative,0.24,Positive,5.04,Positive
13/06/2013,COF,McLean,62.490002,61.16,61.43,62.349998,61.68,62.35,62.35,2414700,"49,900",0.92,Positive,0.38,Positive,5.62,Positive
14/06/2013,COF,McLean,62.220001,60.580002,62.200001,61.009998,61.5,61.01,61.01,3501800,"49,900",-1.19,Negative,-0.58,Negative,6.94,Positive
17/06/2013,COF,McLean,62.040001,60.869999,61.419998,62,62.05,62,62,3936700,"49,900",0.58,Positive,-0.06,Negative,7.77,Positive
18/06/2013,COF,McLean,62.279999,61.790001,61.93,62.099998,61.95,62.1,62.1,3661900,"49,900",0.17,Positive,-1.96,Negative,7.08,Positive
19/06/2013,COF,McLean,62.389999,61.619999,62.25,61.810001,61.72,61.81,61.81,3641500,"49,900",-0.44,Negative,-1.14,Negative,6.47,Positive
20/06/2013,COF,McLean,62.5,61.389999,61.720001,61.619999,61.49,61.62,61.62,5222200,"49,900",-0.1,Negative,-0.15,Negative,7.00,Positive
21/06/2013,COF,McLean,62.16,60.709999,62.09,61.360001,60.67,61.36,61.36,4593700,"49,900",-0.73,Negative,0.60,Positive,6.67,Positive
24/06/2013,COF,McLean,61,59.810001,60.93,59.970001,60.54,59.97,59.97,3147200,"49,900",-0.96,Negative,1.88,Positive,7.52,Positive
25/06/2013,COF,McLean,61.419998,60.419998,60.509998,61.110001,61.34,61.11,61.11,2926000,"49,900",0.6,Positive,3.08,Positive,8.66,Positive
26/06/2013,COF,McLean,61.880001,61.150002,61.599998,61.57,62.13,61.57,61.57,2749400,"49,900",-0.03,Negative,2.64,Positive,7.42,Positive
27/06/2013,COF,McLean,63,61.84,62,62.689999,62.75,62.69,62.69,2650400,"49,900",0.69,Positive,1.92,Positive,7.70,Positive
28/06/2013,COF,McLean,63.119999,61.77,62.41,62.810001,63.2,62.81,62.81,3694400,"49,900",0.4,Positive,3.25,Positive,7.18,Positive
1/7/2013,COF,McLean,63.990002,63.09,63.169998,63.59,63.91,63.59,63.59,2924300,"49,900",0.42,Positive,2.37,Positive,6.33,Positive
2/7/2013,COF,McLean,64.720001,63.59,63.639999,64.239998,64.08,64.24,64.24,4959500,"49,900",0.6,Positive,1.89,Positive,5.65,Positive
3/7/2013,COF,McLean,64.139999,63.330002,63.82,63.919998,64.79,63.92,63.92,1510700,"49,900",0.1,Positive,1.09,Positive,4.11,Positive
5/7/2013,COF,McLean,65.660004,64.290001,64.529999,65.660004,65.6,65.66,65.66,2449100,"49,900",1.13,Positive,1.28,Positive,3.89,Positive
8/7/2013,COF,McLean,66.330002,65.279999,66.07,65.540001,65.54,65.54,65.54,3291200,"49,900",-0.53,Negative,0.74,Positive,2.16,Positive
9/7/2013,COF,McLean,66.139999,65.379997,65.93,65.529999,65.22,65.53,65.53,2890200,"49,900",-0.4,Negative,0.92,Positive,2.49,Positive
10/7/2013,COF,McLean,65.529999,64.599998,65.529999,64.910004,65.36,64.91,64.91,3139700,"49,900",-0.62,Negative,1.15,Positive,3.03,Positive
11/7/2013,COF,McLean,65.93,65.099998,65.709999,65.809998,66.31,65.81,65.81,2801100,"49,900",0.1,Positive,1.19,Positive,2.65,Positive
12/7/2013,COF,McLean,66.959999,65.82,65.989998,66.809998,66.83,66.81,66.81,2192500,"49,900",0.82,Positive,1.06,Positive,1.02,Positive
15/07/2013,COF,McLean,67.699997,66.169998,67.629997,66.849998,66.76,66.85,66.85,2027500,"49,900",-0.78,Negative,1.51,Positive,-0.47,Negative
16/07/2013,COF,McLean,67.080002,65.940002,66.760002,66.68,66.79,66.68,66.68,1973900,"49,900",-0.08,Negative,2.43,Positive,-0.85,Negative
17/07/2013,COF,McLean,67.059998,65.970001,66.769997,66.900002,66.98,66.9,66.9,3077500,"49,900",0.13,Positive,2.24,Positive,-0.18,Negative
18/07/2013,COF,McLean,67.519997,66.419998,66.900002,67.050003,68.1,67.05,67.05,3839800,"49,900",0.15,Positive,1.82,Positive,-0.74,Negative
19/07/2013,COF,McLean,70,68.220001,69.059998,69.139999,69.17,69.14,69.14,5275800,"49,900",0.08,Positive,-0.34,Negative,-2.38,Negative
22/07/2013,COF,McLean,69.400002,68.800003,69.269997,69.190002,69.1,69.19,69.19,3198300,"49,900",-0.08,Negative,-0.51,Negative,-2.60,Negative
23/07/2013,COF,McLean,69.379997,68.739998,69.239998,69.010002,68.87,69.01,69.01,2417700,"49,900",-0.23,Negative,-0.79,Negative,-3.24,Negative
24/07/2013,COF,McLean,69.489998,68.669998,69.139999,68.720001,68.72,68.72,68.72,2191000,"49,900",-0.42,Negative,0.03,Positive,-4.83,Negative
25/07/2013,COF,McLean,68.760002,67.25,68.059998,68.720001,68.74,68.72,68.72,3715200,"49,900",0.66,Positive,0.96,Positive,-4.02,Negative
26/07/2013,COF,McLean,68.779999,67.860001,68.5,68.760002,68.6,68.76,68.76,2549300,"49,900",0.26,Positive,1.20,Positive,-4.12,Negative
29/07/2013,COF,McLean,68.540001,68.18,68.419998,68.449997,68.81,68.45,68.45,1942100,"49,900",0.03,Positive,1.17,Positive,-3.87,Negative
30/07/2013,COF,McLean,69.220001,68.260002,68.970001,69.169998,69.09,69.17,69.17,3325100,"49,900",0.2,Positive,0.53,Positive,-4.57,Negative
31/07/2013,COF,McLean,69.519997,68.5,69.129997,69.019997,69.36,69.02,69.02,5287900,"49,900",-0.11,Negative,0.16,Positive,-4.10,Negative
1/8/2013,COF,McLean,69.790001,68.879997,69.480003,69.699997,69.64,69.7,69.7,3170400,"49,900",0.22,Positive,-1.55,Negative,-3.90,Negative
2/8/2013,COF,McLean,69.720001,69.349998,69.459999,69.589996,69.54,69.59,69.59,2535200,"49,900",0.13,Positive,-1.04,Negative,-4.08,Negative
5/8/2013,COF,McLean,69.639999,69.129997,69.370003,69.5,69.4,69.5,69.5,1998300,"49,900",0.13,Positive,-1.14,Negative,-2.91,Negative
6/8/2013,COF,McLean,69.529999,68.839996,69.440002,69.290001,68.61,69.29,69.29,2698100,"49,900",-0.15,Negative,-1.02,Negative,-1.59,Negative
7/8/2013,COF,McLean,69.029999,67.870003,69.029999,67.93,68.17,67.93,67.93,3996100,"49,900",-1.1,Negative,-0.47,Negative,-1.41,Negative
8/8/2013,COF,McLean,68.809998,68.169998,68.480003,68.419998,68.33,68.42,68.42,2734200,"49,900",-0.06,Negative,-0.12,Negative,-0.53,Negative
9/8/2013,COF,McLean,68.830002,68.169998,68.410004,68.230003,68.33,68.23,68.23,2402000,"49,900",-0.18,Negative,-1.40,Negative,-0.92,Negative
12/8/2013,COF,McLean,68.5,67.739998,68,68.419998,68.49,68.42,68.42,1890200,"49,900",0.42,Positive,-0.84,Negative,-0.35,Negative
13/08/2013,COF,McLean,68.879997,67.910004,68.379997,68.559998,68.46,68.56,68.56,1386300,"49,900",0.18,Positive,-2.47,Negative,0.74,Positive
14/08/2013,COF,McLean,68.760002,68.339996,68.449997,68.360001,67.69,68.36,68.36,1487900,"49,900",-0.09,Negative,-1.86,Negative,0.83,Positive
15/08/2013,COF,McLean,68.25,66.82,68.080002,67.010002,67.09,67.01,67.01,2639900,"49,900",-1.07,Negative,-1.92,Negative,0.96,Positive
16/08/2013,COF,McLean,67.690002,66.839996,66.889999,67.160004,66.54,67.16,67.16,2403800,"49,900",0.27,Positive,-0.21,Negative,2.21,Positive
19/08/2013,COF,McLean,67.220001,65.889999,66.870003,65.910004,66.25,65.91,65.91,2155300,"49,900",-0.96,Negative,-0.20,Negative,1.58,Positive
20/08/2013,COF,McLean,67.040001,65.669998,65.959999,66.589996,66.38,66.59,66.59,1981500,"49,900",0.63,Positive,0.04,Positive,2.53,Positive
21/08/2013,COF,McLean,66.82,65.849998,66.379997,66.160004,66.42,66.16,66.16,1853200,"49,900",-0.22,Negative,-2.07,Negative,2.81,Positive
22/08/2013,COF,McLean,67.029999,66.190002,66.580002,66.68,66.67,66.68,66.68,1462700,"49,900",0.1,Positive,-2.54,Negative,2.54,Positive
23/08/2013,COF,McLean,67.059998,66.099998,67.059998,66.669998,66.33,66.67,66.67,1145800,"49,900",-0.39,Negative,-2.68,Negative,1.86,Positive
26/08/2013,COF,McLean,66.809998,66,66.580002,66,65.15,66,66,1352500,"49,900",-0.58,Negative,-2.03,Negative,2.16,Positive
27/08/2013,COF,McLean,65.629997,64.150002,65.389999,64.309998,64.17,64.31,64.31,2850300,"49,900",-1.08,Negative,-0.99,Negative,4.40,Positive
28/08/2013,COF,McLean,64.57,63.650002,64.349998,64.040001,64.21,64.04,64.04,3039300,"49,900",-0.31,Negative,0.68,Positive,5.20,Positive
29/08/2013,COF,McLean,64.839996,63.689999,63.91,64.379997,64.47,64.38,64.38,1685500,"49,900",0.47,Positive,1.67,Positive,4.87,Positive
30/08/2013,COF,McLean,64.699997,64.239998,64.459999,64.550003,64.48,64.55,64.55,2026100,"49,900",0.09,Positive,0.92,Positive,5.86,Positive
3/9/2013,COF,McLean,65.599998,63.990002,65.309998,64.400002,64.72,64.4,64.4,1834000,"49,900",-0.91,Negative,1.15,Positive,3.57,Positive
4/9/2013,COF,McLean,65.199997,64.209999,64.339996,65.029999,65.31,65.03,65.03,1782400,"49,900",0.69,Positive,3.51,Positive,3.49,Positive
5/9/2013,COF,McLean,65.980003,64.919998,65,65.580002,65.48,65.58,65.58,1815000,"49,900",0.58,Positive,2.62,Positive,3.10,Positive
6/9/2013,COF,McLean,65.730003,64.339996,65.639999,65.379997,65.92,65.38,65.38,1699700,"49,900",-0.26,Negative,2.31,Positive,5.12,Positive
9/9/2013,COF,McLean,66.480003,65.339996,65.489998,66.459999,67.15,66.46,66.46,1883500,"49,900",0.97,Positive,2.00,Positive,6.42,Positive
10/9/2013,COF,McLean,68.019997,66.809998,67,67.849998,67.74,67.85,67.85,2572900,"49,900",0.85,Positive,0.65,Positive,5.10,Positive
11/9/2013,COF,McLean,68.099998,67.330002,67.889999,67.620003,67.79,67.62,67.62,2218400,"49,900",-0.27,Negative,1.23,Positive,3.70,Positive
12/9/2013,COF,McLean,68.190002,67.550003,67.57,67.949997,67.72,67.95,67.95,2912000,"49,900",0.38,Positive,1.71,Positive,4.68,Positive
13/09/2013,COF,McLean,68.18,67.32,67.959999,67.489998,67.57,67.49,67.49,1950400,"49,900",-0.47,Negative,1.08,Positive,4.19,Positive
16/09/2013,COF,McLean,68.699997,67.470001,68.190002,67.650002,68.39,67.65,67.65,3057500,"49,900",-0.54,Negative,0.91,Positive,3.41,Positive
17/09/2013,COF,McLean,69.239998,67.839996,67.910004,69.120003,69.2,69.12,69.12,3308800,"49,900",1.21,Positive,0.54,Positive,3.36,Positive
18/09/2013,COF,McLean,69.650002,68.690002,68.959999,69.279999,69.16,69.28,69.28,2644900,"49,900",0.32,Positive,-0.47,Negative,2.04,Positive
19/09/2013,COF,McLean,69.760002,68.849998,69.550003,69.040001,69.07,69.04,69.04,1911700,"49,900",-0.51,Negative,-0.36,Negative,0.99,Positive
20/09/2013,COF,McLean,69.559998,68.949997,69.089996,69.099998,68.77,69.1,69.1,3306600,"49,900",0.01,Positive,0.03,Positive,1.56,Positive
23/09/2013,COF,McLean,68.839996,67.970001,68.75,68.449997,68.47,68.45,68.45,2590800,"49,900",-0.3,Negative,0.17,Positive,1.63,Positive
24/09/2013,COF,McLean,69.379997,67.849998,68.339996,68.489998,68.84,68.49,68.49,3254500,"49,900",0.15,Positive,0.40,Positive,2.43,Positive
25/09/2013,COF,McLean,69.699997,68.370003,68.720001,69.190002,69.16,69.19,69.19,3168000,"49,900",0.47,Positive,1.07,Positive,2.21,Positive
26/09/2013,COF,McLean,69.839996,68.879997,69.07,69.120003,69.02,69.12,69.12,1821800,"49,900",0.05,Positive,0.48,Positive,0.73,Positive
27/09/2013,COF,McLean,69.110001,68.599998,68.739998,68.919998,68.83,68.92,68.92,2162800,"49,900",0.18,Positive,0.04,Positive,-0.07,Negative
30/09/2013,COF,McLean,69.050003,68.07,68.480003,68.739998,69.26,68.74,68.74,2940500,"49,900",0.26,Positive,1.84,Positive,0.91,Positive
1/10/2013,COF,McLean,70,68.949997,69.040001,69.790001,69.67,69.79,69.79,2768700,"49,900",0.75,Positive,-0.16,Negative,0.57,Positive
2/10/2013,COF,McLean,69.550003,68.879997,69.440002,69.550003,69.17,69.55,69.55,2480500,"49,900",0.11,Positive,-1.61,Negative,0.52,Positive
3/10/2013,COF,McLean,69.699997,68.379997,69.160004,68.779999,69.55,68.78,68.78,2289200,"49,900",-0.38,Negative,-1.06,Negative,0.13,Positive
4/10/2013,COF,McLean,70.489998,68.730003,68.879997,70.32,69.6,70.32,70.32,3046400,"49,900",1.44,Positive,1.88,Positive,-0.03,Negative
7/10/2013,COF,McLean,69.650002,68.82,69.629997,68.879997,68.35,68.88,68.88,2587000,"49,900",-0.75,Negative,2.28,Positive,-0.04,Negative
8/10/2013,COF,McLean,69.139999,67.599998,68.879997,67.830002,67.97,67.83,67.83,3565700,"49,900",-1.05,Negative,3.22,Positive,0.80,Positive
9/10/2013,COF,McLean,68.379997,67.360001,67.900002,68.099998,69.43,68.1,68.1,2626300,"49,900",0.2,Positive,3.69,Positive,1.61,Positive
10/10/2013,COF,McLean,70.910004,69.080002,69.099998,70.760002,71.34,70.76,70.76,3158600,"49,900",1.66,Positive,3.15,Positive,0.96,Positive
11/10/2013,COF,McLean,71.940002,70.620003,70.75,71.910004,72.01,71.91,71.91,2294900,"49,900",1.16,Positive,1.40,Positive,-0.06,Negative
14/10/2013,COF,McLean,72.349998,71.080002,71.620003,72.099998,71.84,72.1,72.1,3674400,"49,900",0.48,Positive,-0.02,Negative,-1.25,Negative
15/10/2013,COF,McLean,72.169998,71.290001,71.93,71.589996,71.92,71.59,71.59,4403000,"49,900",-0.34,Negative,-0.66,Negative,-2.51,Negative
16/10/2013,COF,McLean,72.650002,71.830002,71.889999,72.25,72.2,72.25,72.25,3925300,"49,900",0.36,Positive,-0.89,Negative,-2.64,Negative
17/10/2013,COF,McLean,72.540001,71.629997,72.099998,72.150002,71.88,72.15,72.15,4603700,"49,900",0.05,Positive,-1.56,Negative,-3.30,Negative
18/10/2013,COF,McLean,72.989998,70.949997,72.800003,71.599998,71.43,71.6,71.6,6241700,"49,900",-1.2,Negative,-2.15,Negative,-3.17,Negative
21/10/2013,COF,McLean,71.949997,71.160004,71.800003,71.269997,71.13,71.27,71.27,3603300,"49,900",-0.53,Negative,-1.42,Negative,-2.19,Negative
22/10/2013,COF,McLean,71.620003,70.519997,71.449997,71,70.77,71,71,4767400,"49,900",-0.45,Negative,-0.68,Negative,-1.04,Negative
23/10/2013,COF,McLean,70.860001,70.150002,70.860001,70.540001,70.6,70.54,70.54,3294000,"49,900",-0.32,Negative,0.07,Positive,-0.05,Negative
24/10/2013,COF,McLean,70.849998,70.120003,70.82,70.650002,70.51,70.65,70.65,3095400,"49,900",-0.17,Negative,-1.02,Negative,0.69,Positive
25/10/2013,COF,McLean,70.82,70.07,70.589996,70.379997,70.57,70.38,70.38,3311200,"49,900",-0.21,Negative,-1.92,Negative,1.04,Positive
28/10/2013,COF,McLean,71.129997,70.019997,70.370003,70.769997,70.85,70.77,70.77,2322300,"49,900",0.4,Positive,-0.98,Negative,1.73,Positive
29/10/2013,COF,McLean,71.379997,70.839996,70.870003,70.93,70.37,70.93,70.93,2659100,"49,900",0.06,Positive,-1.26,Negative,0.76,Positive
30/10/2013,COF,McLean,71,69.68,70.82,69.800003,69.24,69.8,69.8,3201700,"49,900",-1.02,Negative,-0.86,Negative,1.53,Positive
31/10/2013,COF,McLean,69.669998,68.669998,69.580002,68.669998,69.03,68.67,68.67,4563300,"49,900",-0.91,Negative,-0.29,Negative,2.36,Positive
1/11/2013,COF,McLean,69.449997,68.629997,68.790001,69.389999,69.5,69.39,69.39,2470600,"49,900",0.6,Positive,0.06,Positive,3.81,Positive
4/11/2013,COF,McLean,69.690002,69.160004,69.519997,69.610001,69.79,69.61,69.61,2578600,"49,900",0.09,Positive,0.07,Positive,3.48,Positive
5/11/2013,COF,McLean,70.150002,69.120003,69.5,69.959999,69.63,69.96,69.96,2748500,"49,900",0.46,Positive,0.18,Positive,3.32,Positive
6/11/2013,COF,McLean,70.480003,68.919998,70.480003,69.290001,69.07,69.29,69.29,3264700,"49,900",-1.19,Negative,-0.97,Negative,1.38,Positive
7/11/2013,COF,McLean,69.900002,68.82,69.589996,68.849998,69.22,68.85,68.85,2946500,"49,900",-0.74,Negative,0.47,Positive,1.89,Positive
8/11/2013,COF,McLean,70,68.849998,68.900002,69.589996,69.63,69.59,69.59,3932300,"49,900",0.69,Positive,1.79,Positive,2.57,Positive
11/11/2013,COF,McLean,69.949997,69.459999,69.629997,69.68,69.6,69.68,69.68,2086100,"49,900",0.05,Positive,0.74,Positive,2.55,Positive
12/11/2013,COF,McLean,69.879997,69.32,69.660004,69.510002,69.79,69.51,69.51,2515300,"49,900",-0.15,Negative,-0.24,Negative,2.13,Positive
13/11/2013,COF,McLean,70.07,68.800003,69.279999,70.059998,70.38,70.06,70.06,3378900,"49,900",0.78,Positive,-0.03,Negative,4.17,Positive
14/11/2013,COF,McLean,70.879997,70.110001,70.129997,70.690002,70.53,70.69,70.69,2641000,"49,900",0.56,Positive,-1.33,Negative,3.51,Positive
15/11/2013,COF,McLean,70.93,70.239998,70.400002,70.370003,69.9,70.37,70.37,2738800,"49,900",-0.03,Negative,-0.77,Negative,4.33,Positive
18/11/2013,COF,McLean,70.580002,69.32,70.440002,69.419998,69.33,69.42,69.42,3286800,"49,900",-1.02,Negative,-0.83,Negative,4.57,Positive
19/11/2013,COF,McLean,69.589996,69.019997,69.419998,69.25,69.03,69.25,69.25,2335700,"49,900",-0.17,Negative,0.99,Positive,5.96,Positive
20/11/2013,COF,McLean,69.910004,68.739998,69.889999,68.800003,69.22,68.8,68.8,2884700,"49,900",-1.09,Negative,0.92,Positive,5.99,Positive
21/11/2013,COF,McLean,69.849998,69.059998,69.25,69.629997,69.62,69.63,69.63,2755000,"49,900",0.38,Positive,2.26,Positive,6.53,Positive
22/11/2013,COF,McLean,69.959999,69.040001,69.959999,69.610001,70.01,69.61,69.61,3018400,"49,900",-0.35,Negative,1.67,Positive,5.86,Positive
25/11/2013,COF,McLean,70.779999,69.599998,69.730003,70.410004,70.61,70.41,70.41,2474500,"49,900",0.68,Positive,2.37,Positive,6.88,Positive
26/11/2013,COF,McLean,71.120003,70.389999,70.540001,70.809998,71.16,70.81,70.81,2322700,"49,900",0.27,Positive,1.09,Positive,6.71,Positive
27/11/2013,COF,McLean,71.599998,70.839996,71.089996,71.510002,71.57,71.51,71.51,1967300,"49,900",0.42,Positive,1.26,Positive,6.25,Positive
29/11/2013,COF,McLean,72.18,71.32,71.690002,71.629997,71.86,71.63,71.63,1699700,"49,900",-0.06,Negative,0.25,Positive,4.90,Positive
2/12/2013,COF,McLean,73,71.860001,72.650002,72.099998,71.86,72.1,72.1,3869000,"49,900",-0.55,Negative,-0.05,Negative,4.63,Positive
3/12/2013,COF,McLean,72.150002,71.349998,71.919998,71.629997,71.99,71.63,71.63,4238700,"49,900",-0.29,Negative,1.08,Positive,5.93,Positive
4/12/2013,COF,McLean,72.639999,71.150002,71.279999,72.349998,72.15,72.35,72.35,3459500,"49,900",1.07,Positive,1.54,Positive,6.57,Positive
5/12/2013,COF,McLean,72.419998,71.599998,72.25,71.940002,72.27,71.94,71.94,3508500,"49,900",-0.31,Negative,-0.39,Negative,5.77,Positive
6/12/2013,COF,McLean,73.190002,72.330002,72.769997,72.599998,72.8,72.6,72.6,4134500,"49,900",-0.17,Negative,-1.29,Negative,3.60,Positive
9/12/2013,COF,McLean,73.330002,72.800003,73.019997,73,72.91,73,73,2612400,"49,900",-0.02,Negative,-1.55,Negative,4.34,Positive
10/12/2013,COF,McLean,73.220001,72.360001,72.709999,72.82,72.34,72.82,72.82,1858000,"49,900",0.11,Positive,-0.53,Negative,4.32,Positive
11/12/2013,COF,McLean,73.220001,71.690002,73,71.860001,71.67,71.86,71.86,3254600,"49,900",-1.14,Negative,-1.21,Negative,3.44,Positive
12/12/2013,COF,McLean,71.889999,71.019997,71.690002,71.480003,71.48,71.48,71.48,2558500,"49,900",-0.21,Negative,1.76,Positive,0.70,Positive
13/12/2013,COF,McLean,71.809998,71.089996,71.690002,71.470001,71.83,71.47,71.47,1837800,"49,900",-0.22,Negative,1.95,Positive,0.92,Positive
16/12/2013,COF,McLean,72.510002,71.550003,71.760002,72.18,71.99,72.18,72.18,2232700,"49,900",0.42,Positive,2.97,Positive,0.89,Positive
17/12/2013,COF,McLean,72.949997,71.470001,72.720001,71.790001,72.62,71.79,71.79,2010800,"49,900",-0.93,Negative,2.29,Positive,-1.18,Negative
18/12/2013,COF,McLean,73.510002,71.220001,71.879997,73.449997,73.54,73.45,73.45,3311900,"49,900",1.57,Positive,3.50,Positive,-1.31,Negative
19/12/2013,COF,McLean,73.779999,72.769997,73.360001,73.639999,74.19,73.64,73.64,2984300,"49,900",0.28,Positive,2.52,Positive,-3.41,Negative
20/12/2013,COF,McLean,74.809998,73.610001,73.940002,74.730003,74.87,74.73,74.73,4705200,"49,900",0.79,Positive,1.84,Positive,-3.07,Negative
23/12/2013,COF,McLean,75.330002,74.5,74.949997,75.010002,75.19,75.01,75.01,1908700,"49,900",0.06,Positive,0.87,Positive,-5.08,Negative
24/12/2013,COF,McLean,75.470001,74.970001,75.07,75.379997,75.63,75.38,75.38,666700,"49,900",0.31,Positive,1.54,Positive,-4.11,Negative
26/12/2013,COF,McLean,76,75.400002,75.620003,75.879997,75.83,75.88,75.88,1615100,"49,900",0.26,Positive,1.63,Positive,-5.01,Negative
27/12/2013,COF,McLean,75.959999,75.510002,75.870003,75.779999,75.8,75.78,75.78,693500,"49,900",-0.09,Negative,1.47,Positive,-7.00,Negative
30/12/2013,COF,McLean,76.160004,75.540001,75.970001,75.82,76.22,75.82,75.82,1429300,"49,900",-0.15,Negative,0.62,Positive,-7.25,Negative
31/12/2013,COF,McLean,76.709999,75.849998,76,76.610001,76.93,76.61,76.61,1935400,"49,900",0.61,Positive,1.28,Positive,-7.34,Negative
2/1/2014,COF,McLean,77.730003,76.599998,76.610001,77.25,77.29,77.25,77.25,3070300,"49,900",0.64,Positive,1.24,Positive,-6.69,Negative
3/1/2014,COF,McLean,77.599998,76.910004,77.239998,77.339996,76.96,77.34,77.34,1940000,"49,900",0.1,Positive,0.61,Positive,-5.84,Negative
6/1/2014,COF,McLean,78.07,76.57,77.550003,76.589996,76.93,76.59,76.59,3489200,"49,900",-0.96,Negative,0.47,Positive,-6.18,Negative
7/1/2014,COF,McLean,78.489998,77.129997,78.309998,77.279999,77.56,77.28,77.28,5041100,"49,900",-1.03,Negative,-1.94,Negative,-7.05,Negative
8/1/2014,COF,McLean,77.919998,77.18,77.220001,77.849998,77.85,77.85,77.85,3035100,"49,900",0.63,Positive,0.14,Positive,-5.56,Negative
9/1/2014,COF,McLean,78.339996,77.739998,78.059998,77.849998,77.93,77.85,77.85,3648000,"49,900",-0.21,Negative,-1.03,Negative,-5.69,Negative
10/1/2014,COF,McLean,78.239998,77.400002,77.980003,78.019997,77.2,78.02,78.02,2324500,"49,900",0.04,Positive,-1.54,Negative,-5.58,Negative
13/01/2014,COF,McLean,77.910004,76.139999,77.620003,76.370003,76.87,76.37,76.37,2639600,"49,900",-1.25,Negative,-5.23,Negative,-5.20,Negative
14/01/2014,COF,McLean,77.720001,76.82,77.279999,77.360001,77.2,77.36,77.36,2530900,"49,900",0.08,Positive,-4.67,Negative,-6.33,Negative
15/01/2014,COF,McLean,77.519997,76.809998,77.25,77.029999,76.74,77.03,77.03,3054300,"49,900",-0.22,Negative,-4.60,Negative,-6.41,Negative
16/01/2014,COF,McLean,77.230003,76.309998,77.099998,76.440002,74.42,76.44,76.44,3130300,"49,900",-0.66,Negative,-5.56,Negative,-6.13,Negative
17/01/2014,COF,McLean,73.910004,72.290001,73.879997,72.389999,72.5,72.39,72.39,10411300,"49,900",-1.49,Negative,-3.31,Negative,-2.15,Negative
21/01/2014,COF,McLean,73.139999,72.410004,72.800003,72.610001,72.63,72.61,72.61,6158300,"49,900",-0.19,Negative,-2.85,Negative,-1.76,Negative
22/01/2014,COF,McLean,72.970001,72.459999,72.690002,72.650002,72.1,72.65,72.65,4125300,"49,900",-0.04,Negative,-1.82,Negative,-1.36,Negative
23/01/2014,COF,McLean,72.360001,71.059998,72.360001,71.540001,71.06,71.54,71.54,4323900,"49,900",-0.82,Negative,-2.49,Negative,0.26,Positive
24/01/2014,COF,McLean,71.779999,70.57,71.239998,70.57,70.26,70.57,70.57,3768800,"49,900",-0.67,Negative,-0.28,Negative,2.19,Positive
27/01/2014,COF,McLean,70.75,69.720001,70.550003,69.949997,70.41,69.95,69.95,3277800,"49,900",-0.6,Negative,0.06,Positive,1.69,Positive
28/01/2014,COF,McLean,71.110001,69.93,69.970001,70.870003,70.37,70.87,70.87,2293300,"49,900",0.9,Positive,-1.10,Negative,3.70,Positive
29/01/2014,COF,McLean,70.919998,69.779999,70.080002,69.870003,70.42,69.87,69.87,2906200,"49,900",-0.21,Negative,-1.36,Negative,4.28,Positive
30/01/2014,COF,McLean,71.309998,70.290001,70.610001,70.959999,70.79,70.96,70.96,2205800,"49,900",0.35,Positive,-1.95,Negative,4.42,Positive
31/01/2014,COF,McLean,70.989998,69.720001,69.940002,70.610001,69.74,70.61,70.61,3228800,"49,900",0.67,Positive,-0.02,Negative,5.07,Positive
3/2/2014,COF,McLean,70.610001,68.589996,70.519997,68.870003,68.8,68.87,68.87,3856900,"49,900",-1.65,Negative,0.88,Positive,4.63,Positive
4/2/2014,COF,McLean,69.660004,68.360001,69.120003,68.720001,68.69,68.72,68.72,3110800,"49,900",-0.4,Negative,2.25,Positive,5.24,Positive
5/2/2014,COF,McLean,68.839996,67.860001,68.610001,68.660004,69.29,68.66,68.66,2667900,"49,900",0.05,Positive,2.65,Positive,5.58,Positive
6/2/2014,COF,McLean,69.980003,68.559998,68.660004,69.919998,70.66,69.92,69.92,2295900,"49,900",1.26,Positive,3.00,Positive,4.07,Positive
7/2/2014,COF,McLean,71.419998,70.120003,70.120003,71.400002,71.39,71.4,71.4,3471600,"49,900",1.28,Positive,2.25,Positive,2.07,Positive
10/2/2014,COF,McLean,71.970001,70.910004,71.400002,71.370003,71.32,71.37,71.37,2091900,"49,900",-0.03,Negative,1.00,Positive,2.43,Positive
11/2/2014,COF,McLean,71.879997,71.040001,71.32,71.260002,71.46,71.26,71.26,3026200,"49,900",-0.06,Negative,1.10,Positive,2.23,Positive
12/2/2014,COF,McLean,72.099998,71.279999,71.400002,71.660004,72.02,71.66,71.66,2378700,"49,900",0.26,Positive,-0.45,Negative,1.71,Positive
13/02/2014,COF,McLean,72.419998,70.809998,70.809998,72.370003,72.39,72.37,72.37,2839800,"49,900",1.56,Positive,0.03,Positive,3.47,Positive
14/02/2014,COF,McLean,72.540001,72.080002,72.199997,72.400002,72.41,72.4,72.4,1587100,"49,900",0.2,Positive,-1.23,Negative,3.20,Positive
18/02/2014,COF,McLean,73.099998,72.230003,72.68,72.419998,71.68,72.42,72.42,1850100,"49,900",-0.26,Negative,-0.95,Negative,2.52,Positive
19/02/2014,COF,McLean,72.589996,70.900002,72.139999,70.949997,70.89,70.95,70.95,2275300,"49,900",-1.19,Negative,-1.10,Negative,3.18,Positive
20/02/2014,COF,McLean,70.989998,70.209999,70.889999,70.839996,70.9,70.84,70.84,2789400,"49,900",-0.05,Negative,0.44,Positive,4.07,Positive
21/02/2014,COF,McLean,71.540001,70.580002,70.839996,70.970001,71.35,70.97,70.97,2969900,"49,900",0.13,Positive,1.78,Positive,5.04,Positive
24/02/2014,COF,McLean,72.099998,70.970001,70.970001,71.730003,71.39,71.73,71.73,2823400,"49,900",0.76,Positive,2.46,Positive,5.12,Positive
25/02/2014,COF,McLean,71.860001,70.720001,71.809998,71.040001,71.19,71.04,71.04,3350700,"49,900",-0.77,Negative,0.43,Positive,5.35,Positive
26/02/2014,COF,McLean,71.620003,70.790001,71.18,71.330002,71.98,71.33,71.33,2298700,"49,900",0.15,Positive,2.49,Positive,5.60,Positive
27/02/2014,COF,McLean,72.730003,71.220001,71.360001,72.620003,73.03,72.62,72.62,2609400,"49,900",1.26,Positive,3.00,Positive,5.79,Positive
28/02/2014,COF,McLean,74.07,72.82,72.830002,73.43,72.83,73.43,73.43,2753900,"49,900",0.6,Positive,2.20,Positive,4.64,Positive
3/3/2014,COF,McLean,72.809998,71.970001,72.690002,72.239998,72.95,72.24,72.24,2040100,"49,900",-0.45,Negative,2.32,Positive,4.01,Positive
4/3/2014,COF,McLean,73.790001,72.639999,73.080002,73.669998,74.01,73.67,73.67,2573000,"49,900",0.59,Positive,2.07,Positive,2.47,Positive
5/3/2014,COF,McLean,74.599998,73.309998,73.650002,74.360001,74.7,74.36,74.36,2438900,"49,900",0.71,Positive,0.71,Positive,2.03,Positive
6/3/2014,COF,McLean,75.230003,74.260002,74.510002,75.029999,75.02,75.03,75.03,2879600,"49,900",0.52,Positive,-0.32,Negative,1.83,Positive
7/3/2014,COF,McLean,75.860001,74.730003,75.330002,75.010002,75.08,75.01,75.01,2487000,"49,900",-0.32,Negative,-2.60,Negative,-1.26,Negative
10/3/2014,COF,McLean,75.290001,74.480003,74.760002,75.150002,74.76,75.15,75.15,1939100,"49,900",0.39,Positive,-2.57,Negative,-0.72,Negative
11/3/2014,COF,McLean,75.519997,74.160004,75.519997,74.360001,74.28,74.36,74.36,2075200,"49,900",-1.16,Negative,-1.69,Negative,-1.46,Negative
12/3/2014,COF,McLean,74.360001,73.739998,73.870003,74.190002,73.46,74.19,74.19,1936400,"49,900",0.32,Positive,-0.32,Negative,0.65,Positive
13/03/2014,COF,McLean,74.769997,72.540001,74.639999,72.730003,72.46,72.73,72.73,2876700,"49,900",-1.91,Negative,-1.53,Negative,0.52,Positive
14/03/2014,COF,McLean,73.309998,72.059998,72.529999,72.190002,73.01,72.19,72.19,2321200,"49,900",-0.34,Negative,1.75,Positive,2.36,Positive
17/03/2014,COF,McLean,73.949997,72.839996,73.910004,73.830002,73.69,73.83,73.83,1911100,"49,900",-0.08,Negative,1.49,Positive,1.14,Positive
18/03/2014,COF,McLean,74.029999,73.339996,73.970001,73.550003,73.33,73.55,73.55,1796900,"49,900",-0.42,Negative,1.23,Positive,1.14,Positive
19/03/2014,COF,McLean,74.25,72.830002,73.639999,73.110001,73.7,73.11,73.11,2864800,"49,900",-0.53,Negative,1.68,Positive,1.28,Positive
20/03/2014,COF,McLean,74.349998,72.830002,72.879997,74.279999,74.84,74.28,74.28,2724800,"49,900",1.4,Positive,2.08,Positive,1.86,Positive
21/03/2014,COF,McLean,76.93,74.690002,75.139999,75.400002,75.3,75.4,75.4,6870100,"49,900",0.26,Positive,0.74,Positive,-1.80,Negative
24/03/2014,COF,McLean,75.860001,74.879997,75.510002,75.199997,75.26,75.2,75.2,2245600,"49,900",-0.31,Negative,0.58,Positive,-2.56,Negative
25/03/2014,COF,McLean,75.970001,75.099998,75.510002,75.32,75.14,75.32,75.32,2884100,"49,900",-0.19,Negative,1.65,Positive,-2.00,Negative
26/03/2014,COF,McLean,76.089996,74.919998,75.639999,74.959999,75.42,74.96,74.96,2836400,"49,900",-0.68,Negative,1.14,Positive,-1.74,Negative
27/03/2014,COF,McLean,76.400002,75.07,75.580002,75.879997,75.98,75.88,75.88,3924500,"49,900",0.3,Positive,1.57,Positive,-1.05,Negative
28/03/2014,COF,McLean,76.610001,75.660004,76.019997,76.089996,76.63,76.09,76.09,2024000,"49,900",0.07,Positive,1.45,Positive,-0.20,Negative
31/03/2014,COF,McLean,77.550003,76.589996,76.699997,77.160004,76.97,77.16,77.16,2549700,"49,900",0.46,Positive,0.00,,-0.89,Negative
1/4/2014,COF,McLean,77.449997,76.559998,77.330002,76.779999,76.97,76.78,76.78,2171700,"49,900",-0.55,Negative,-1.78,Negative,-2.35,Negative
2/4/2014,COF,McLean,77.370003,76.550003,76.860001,77.150002,77.31,77.15,77.15,2521100,"49,900",0.29,Positive,-1.18,Negative,-0.44,Negative
3/4/2014,COF,McLean,77.68,77,77.279999,77.470001,77.08,77.47,77.47,2392200,"49,900",0.19,Positive,-0.94,Negative,-1.11,Negative
4/4/2014,COF,McLean,77.910004,76.540001,77.760002,76.699997,76.13,76.7,76.7,3008700,"49,900",-1.06,Negative,-3.69,Negative,-1.33,Negative
7/4/2014,COF,McLean,76.540001,75.040001,76.519997,75.550003,75.62,75.55,75.55,3864000,"49,900",-0.97,Negative,-2.48,Negative,1.21,Positive
8/4/2014,COF,McLean,76.099998,74.989998,75.489998,75.68,76.01,75.68,75.68,3051300,"49,900",0.19,Positive,-1.43,Negative,2.02,Positive
9/4/2014,COF,McLean,76.440002,75.220001,75.839996,76.339996,75.2,76.34,76.34,3582300,"49,900",0.5,Positive,-1.32,Negative,0.33,Positive
10/4/2014,COF,McLean,76.510002,74.07,76.400002,74.07,74.06,74.07,74.07,4814300,"49,900",-2.33,Negative,-1.24,Negative,0.02,Positive
11/4/2014,COF,McLean,74.830002,73.059998,73.400002,74.040001,74.05,74.04,74.04,2741300,"49,900",0.64,Positive,1.49,Positive,2.37,Positive
14/04/2014,COF,McLean,74.940002,73.209999,74.870003,74.059998,74.29,74.06,74.06,2979800,"49,900",-0.81,Negative,0.18,Positive,1.23,Positive
15/04/2014,COF,McLean,75.330002,73.559998,74.389999,74.519997,74.84,74.52,74.52,3107700,"49,900",0.13,Positive,0.72,Positive,1.09,Positive
16/04/2014,COF,McLean,75.550003,74.629997,75.269997,75.160004,75.03,75.16,75.16,3643600,"49,900",-0.11,Negative,-0.35,Negative,1.40,Positive
17/04/2014,COF,McLean,75.889999,74.720001,75.589996,74.889999,74.97,74.89,74.89,4794000,"49,900",-0.7,Negative,-0.85,Negative,1.06,Positive
21/04/2014,COF,McLean,75.940002,74.93,75.459999,75.050003,75.08,75.05,75.05,4336400,"49,900",-0.41,Negative,-2.12,Negative,1.73,Positive
22/04/2014,COF,McLean,75.739998,74.839996,75.07,75.110001,75.01,75.11,75.11,4021800,"49,900",0.04,Positive,-2.12,Negative,2.68,Positive
23/04/2014,COF,McLean,75.419998,74.779999,75.059998,74.919998,74.83,74.92,74.92,3376400,"49,900",-0.14,Negative,-1.55,Negative,3.49,Positive
24/04/2014,COF,McLean,75.410004,74.550003,75.309998,74.739998,74.04,74.74,74.74,2729400,"49,900",-0.57,Negative,-1.41,Negative,3.41,Positive
25/04/2014,COF,McLean,74.739998,73.199997,74.540001,73.339996,73.14,73.34,73.34,3946900,"49,900",-1.2,Negative,-0.01,Negative,4.35,Positive
28/04/2014,COF,McLean,74.080002,72.629997,73.809998,72.949997,73.23,72.95,72.95,6126400,"49,900",-0.86,Negative,2.01,Positive,4.82,Positive
29/04/2014,COF,McLean,73.660004,73.209999,73.440002,73.510002,73.71,73.51,73.51,4016100,"49,900",0.07,Positive,2.37,Positive,5.34,Positive
30/04/2014,COF,McLean,74.019997,73.230003,73.519997,73.900002,74.22,73.9,73.9,4251700,"49,900",0.38,Positive,1.46,Positive,5.66,Positive
1/5/2014,COF,McLean,74.540001,73.389999,73.900002,74.529999,75.17,74.53,74.53,4774400,"49,900",0.63,Positive,2.52,Positive,5.92,Positive
2/5/2014,COF,McLean,75.980003,74.449997,74.760002,75.82,75.81,75.82,75.82,5635000,"49,900",1.06,Positive,1.41,Positive,6.04,Positive
5/5/2014,COF,McLean,75.860001,75.199997,75.800003,75.809998,75.4,75.81,75.81,3188900,"49,900",0.01,Positive,0.63,Positive,6.19,Positive
6/5/2014,COF,McLean,75.82,74.760002,75.330002,74.980003,75.7,74.98,74.98,3497800,"49,900",-0.35,Negative,2.40,Positive,6.38,Positive
7/5/2014,COF,McLean,76.489998,75.169998,75.169998,76.419998,76.29,76.42,76.42,2835900,"49,900",1.25,Positive,2.34,Positive,5.66,Positive
8/5/2014,COF,McLean,76.900002,75.870003,76.010002,76.169998,76.3,76.17,76.17,3275200,"49,900",0.16,Positive,0.16,Positive,4.92,Positive
9/5/2014,COF,McLean,76.650002,76.019997,76.209999,76.43,77.08,76.43,76.43,2750600,"49,900",0.22,Positive,0.21,Positive,4.26,Positive
12/5/2014,COF,McLean,77.779999,76.879997,76.879997,77.730003,77.62,77.73,77.73,2566500,"49,900",0.85,Positive,-1.11,Negative,4.16,Positive
13/05/2014,COF,McLean,77.970001,77.18,77.760002,77.510002,76.84,77.51,77.51,2476800,"49,900",-0.25,Negative,-1.66,Negative,3.14,Positive
14/05/2014,COF,McLean,77.540001,76.059998,77.279999,76.169998,76.29,76.17,76.17,2620700,"49,900",-1.11,Negative,-1.80,Negative,4.37,Positive
15/05/2014,COF,McLean,76.43,75.349998,75.989998,76.419998,76.09,76.42,76.42,3354500,"49,900",0.43,Positive,0.68,Positive,6.01,Positive
16/05/2014,COF,McLean,76.279999,75.169998,76.209999,75.769997,75.93,75.77,75.77,3325100,"49,900",-0.44,Negative,0.44,Positive,7.22,Positive
19/05/2014,COF,McLean,76.160004,75.599998,75.699997,76.099998,75.79,76.1,76.1,2264100,"49,900",0.4,Positive,1.49,Positive,7.79,Positive
20/05/2014,COF,McLean,76.25,75.330002,76.089996,75.480003,76.08,75.48,75.48,1928600,"49,900",-0.61,Negative,1.66,Positive,6.36,Positive
21/05/2014,COF,McLean,76.790001,75.699997,75.800003,76.669998,76.66,76.67,76.67,1830300,"49,900",0.87,Positive,2.75,Positive,6.53,Positive
22/05/2014,COF,McLean,77.080002,76.5,76.5,76.650002,76.92,76.65,76.65,1936300,"49,900",0.15,Positive,2.22,Positive,5.99,Positive
23/05/2014,COF,McLean,77.279999,76.43,76.43,77.190002,77.47,77.19,77.19,1702000,"49,900",0.76,Positive,2.46,Positive,6.58,Positive
27/05/2014,COF,McLean,78.199997,77.160004,77.190002,77.75,78.15,77.75,77.75,2028500,"49,900",0.56,Positive,1.44,Positive,5.41,Positive
28/05/2014,COF,McLean,78.879997,77.93,77.980003,78.550003,78.64,78.55,78.55,2939400,"49,900",0.57,Positive,0.80,Positive,5.04,Positive
29/05/2014,COF,McLean,78.900002,78.169998,78.589996,78.720001,78.81,78.72,78.72,2464100,"49,900",0.13,Positive,0.59,Positive,5.01,Positive
30/05/2014,COF,McLean,79.239998,78.610001,78.650002,78.889999,78.76,78.89,78.89,2424900,"49,900",0.24,Positive,1.17,Positive,6.30,Positive
2/6/2014,COF,McLean,79.029999,78.199997,78.919998,78.629997,78.7,78.63,78.63,2454500,"49,900",-0.29,Negative,1.88,Positive,4.65,Positive
3/6/2014,COF,McLean,79.07,78.110001,78.470001,78.779999,78.98,78.78,78.78,2410700,"49,900",0.31,Positive,3.52,Positive,4.76,Positive
4/6/2014,COF,McLean,79.279999,78.599998,78.690002,79.18,79.5,79.18,79.18,2094400,"49,900",0.49,Positive,3.02,Positive,5.70,Positive
5/6/2014,COF,McLean,79.970001,78.809998,78.900002,79.82,80.31,79.82,79.82,2088300,"49,900",0.92,Positive,1.93,Positive,4.79,Positive
6/6/2014,COF,McLean,80.970001,79.779999,79.910004,80.800003,81.4,80.8,80.8,2650900,"49,900",0.89,Positive,1.02,Positive,4.05,Positive
9/6/2014,COF,McLean,82.32,80.959999,81,81.989998,81.85,81.99,81.99,3341000,"49,900",0.99,Positive,-0.53,Negative,3.01,Positive
10/6/2014,COF,McLean,81.959999,81.480003,81.809998,81.709999,81.27,81.71,81.71,2537600,"49,900",-0.1,Negative,-0.77,Negative,3.09,Positive
11/6/2014,COF,McLean,81.57,80.300003,81.57,80.830002,80.88,80.83,80.83,3373700,"49,900",-0.74,Negative,-0.67,Negative,2.81,Positive
12/6/2014,COF,McLean,81.260002,80.610001,80.610001,80.93,80.7,80.93,80.93,2920700,"49,900",0.32,Positive,1.04,Positive,1.88,Positive
13/06/2014,COF,McLean,81.040001,80.129997,80.910004,80.470001,80.76,80.47,80.47,3259900,"49,900",-0.44,Negative,1.09,Positive,1.38,Positive
16/06/2014,COF,McLean,81.400002,80.150002,80.379997,81.040001,80.97,81.04,81.04,3273000,"49,900",0.66,Positive,3.05,Positive,1.54,Positive
17/06/2014,COF,McLean,81.550003,80.769997,80.82,80.900002,81.28,80.9,80.9,5594400,"49,900",0.08,Positive,2.67,Positive,1.30,Positive
18/06/2014,COF,McLean,81.739998,80.199997,80.82,81.650002,81.83,81.65,81.65,5820200,"49,900",0.83,Positive,1.63,Positive,1.17,Positive
19/06/2014,COF,McLean,82.220001,81.339996,81.970001,82,82.72,82,82,3867100,"49,900",0.03,Positive,0.36,Positive,0.43,Positive
20/06/2014,COF,McLean,83.889999,82.379997,82.400002,83.43,83.46,83.43,83.43,6220000,"49,900",1.03,Positive,0.09,Positive,-0.75,Negative
23/06/2014,COF,McLean,83.57,82.75,83.18,83.489998,82.97,83.49,83.49,3117500,"49,900",0.31,Positive,-0.17,Negative,-1.65,Negative
24/06/2014,COF,McLean,83.720001,82.419998,83.349998,82.449997,82.39,82.45,82.45,3538400,"49,900",-0.9,Negative,-0.75,Negative,-2.16,Negative
25/06/2014,COF,McLean,82.589996,81.940002,82.139999,82.330002,82.41,82.33,82.33,2554600,"49,900",0.19,Positive,0.88,Positive,-0.58,Negative
26/06/2014,COF,McLean,82.519997,81.540001,82.25,82.489998,82.75,82.49,82.49,1977300,"49,900",0.24,Positive,1.35,Positive,-2.71,Negative
27/06/2014,COF,McLean,83.190002,81.059998,81.059998,83.010002,82.81,83.01,83.01,2723100,"49,900",1.95,Positive,3.89,Positive,-1.57,Negative
30/06/2014,COF,McLean,83.080002,82.480003,83,82.599998,82.81,82.6,82.6,2349100,"49,900",-0.4,Negative,0.57,Positive,-2.78,Negative
1/7/2014,COF,McLean,83.529999,82.879997,83.120003,83.019997,83.31,83.02,83.02,3252600,"49,900",-0.1,Negative,0.11,Positive,-4.33,Negative
2/7/2014,COF,McLean,83.68,83.150002,83.290001,83.599998,84.27,83.6,83.6,2830400,"49,900",0.31,Positive,1.10,Positive,-4.53,Negative
3/7/2014,COF,McLean,84.980003,83.910004,84.199997,84.949997,84.26,84.95,84.95,2811500,"49,900",0.75,Positive,-0.51,Negative,-6.16,Negative
7/7/2014,COF,McLean,84.599998,83.290001,84.309998,83.57,83.4,83.57,83.57,2501800,"49,900",-0.74,Negative,-0.35,Negative,-5.43,Negative
8/7/2014,COF,McLean,83.610001,82.889999,83.290001,83.230003,83.81,83.23,83.23,2640700,"49,900",-0.06,Negative,0.72,Positive,-4.58,Negative
9/7/2014,COF,McLean,84.949997,83.68,84.150002,84.389999,84.04,84.39,84.39,2773000,"49,900",0.24,Positive,0.75,Positive,-4.81,Negative
10/7/2014,COF,McLean,84.080002,82.989998,83.040001,83.690002,83.83,83.69,83.69,2401700,"49,900",0.65,Positive,1.34,Positive,-3.16,Negative
11/7/2014,COF,McLean,84.080002,83.32,83.769997,83.959999,83.99,83.96,83.96,1934500,"49,900",0.19,Positive,-1.28,Negative,-3.98,Negative
14/07/2014,COF,McLean,84.900002,83.889999,84.639999,84.010002,84.46,84.01,84.01,2608500,"49,900",-0.63,Negative,-2.35,Negative,-5.34,Negative
15/07/2014,COF,McLean,85.389999,84.339996,84.389999,84.900002,84.64,84.9,84.9,3029200,"49,900",0.51,Positive,-2.47,Negative,-3.97,Negative
16/07/2014,COF,McLean,85.160004,84.059998,85.050003,84.379997,83.43,84.38,84.38,3356700,"49,900",-0.67,Negative,-2.93,Negative,-4.57,Negative
17/07/2014,COF,McLean,84.279999,82.410004,84.07,82.489998,82.39,82.49,82.49,4083900,"49,900",-1.58,Negative,-2.08,Negative,-3.15,Negative
18/07/2014,COF,McLean,83.900002,82.059998,83.68,82.290001,82.1,82.29,82.29,6368300,"49,900",-1.39,Negative,-1.28,Negative,-1.99,Negative
21/07/2014,COF,McLean,82.419998,81.779999,82.32,81.919998,82.02,81.92,81.92,3595400,"49,900",-0.4,Negative,-0.67,Negative,-1.02,Negative
22/07/2014,COF,McLean,82.389999,81.889999,81.910004,82.120003,82.06,82.12,82.12,3966300,"49,900",0.21,Positive,-0.38,Negative,0.15,Positive
23/07/2014,COF,McLean,82.389999,81.949997,82.330002,81.989998,82.2,81.99,81.99,2851400,"49,900",-0.34,Negative,-1.14,Negative,-0.53,Negative
24/07/2014,COF,McLean,82.610001,82.169998,82.540001,82.400002,82.03,82.4,82.4,3620000,"49,900",-0.14,Negative,-0.98,Negative,-0.58,Negative
25/07/2014,COF,McLean,82.519997,81.57,82.110001,81.650002,81.59,81.65,81.65,2929600,"49,900",-0.46,Negative,-2.57,Negative,-0.52,Negative
28/07/2014,COF,McLean,83.519997,81.160004,83.110001,81.529999,81.36,81.53,81.53,2386600,"49,900",-1.58,Negative,-3.62,Negative,-1.05,Negative
29/07/2014,COF,McLean,81.910004,81.18,81.529999,81.190002,81.38,81.19,81.19,2139100,"49,900",-0.34,Negative,-1.31,Negative,1.05,Positive
30/07/2014,COF,McLean,81.800003,81.019997,81.480003,81.559998,80.55,81.56,81.56,2806300,"49,900",0.08,Positive,-2.69,Negative,1.05,Positive
31/07/2014,COF,McLean,81.18,79.540001,81.110001,79.540001,79.51,79.54,79.54,3243200,"49,900",-1.57,Negative,-2.35,Negative,1.39,Positive
1/8/2014,COF,McLean,80.019997,78.870003,79.040001,79.489998,79.85,79.49,79.49,4016700,"49,900",0.45,Positive,-1.00,Negative,3.65,Positive
4/8/2014,COF,McLean,80.220001,79.400002,79.800003,80.220001,79.51,80.22,80.22,5056900,"49,900",0.42,Positive,-0.92,Negative,2.28,Positive
5/8/2014,COF,McLean,79.919998,78.650002,79.709999,78.790001,78.78,78.79,78.79,3695200,"49,900",-0.92,Negative,-1.00,Negative,1.81,Positive
6/8/2014,COF,McLean,79.080002,78.25,78.379997,78.760002,78.4,78.76,78.76,2820900,"49,900",0.38,Positive,0.96,Positive,2.85,Positive
7/8/2014,COF,McLean,78.919998,77.879997,78.849998,78.040001,78.46,78.04,78.04,2346400,"49,900",-0.81,Negative,1.03,Positive,2.38,Positive
8/8/2014,COF,McLean,78.900002,77.699997,78.120003,78.879997,78.79,78.88,78.88,2279600,"49,900",0.76,Positive,1.67,Positive,2.82,Positive
11/8/2014,COF,McLean,79.339996,78.589996,79.029999,78.709999,79.02,78.71,78.71,1745100,"49,900",-0.32,Negative,0.27,Positive,2.47,Positive
12/8/2014,COF,McLean,79.419998,78.389999,78.389999,79.339996,79.61,79.34,79.34,2927200,"49,900",0.95,Positive,2.03,Positive,3.79,Positive
13/08/2014,COF,McLean,79.959999,79.389999,79.639999,79.879997,79.83,79.88,79.88,2594000,"49,900",0.24,Positive,0.84,Positive,3.24,Positive
14/08/2014,COF,McLean,80.150002,79.629997,79.910004,79.790001,79.55,79.79,79.79,1611100,"49,900",-0.12,Negative,1.01,Positive,3.76,Positive
15/08/2014,COF,McLean,80.239998,78.739998,80.169998,79.300003,79.86,79.3,79.3,2364900,"49,900",-0.87,Negative,1.52,Positive,3.90,Positive
18/08/2014,COF,McLean,80.419998,79.769997,79.870003,80.419998,80.45,80.42,80.42,3003500,"49,900",0.55,Positive,1.43,Positive,3.42,Positive
19/08/2014,COF,McLean,80.68,80.419998,80.629997,80.480003,80.7,80.48,80.48,1687500,"49,900",-0.15,Negative,1.43,Positive,1.42,Positive
20/08/2014,COF,McLean,81.019997,80.260002,80.449997,80.919998,81.31,80.92,80.92,2159600,"49,900",0.47,Positive,1.35,Positive,1.97,Positive
21/08/2014,COF,McLean,81.82,80.970001,81.209999,81.690002,81.5,81.69,81.69,2863900,"49,900",0.48,Positive,0.75,Positive,-0.20,Negative
22/08/2014,COF,McLean,82,81.199997,81.650002,81.300003,81.68,81.3,81.3,1458800,"49,900",-0.35,Negative,-0.06,Negative,-0.04,Negative
25/08/2014,COF,McLean,82.660004,81.82,81.870003,82.059998,81.93,82.06,82.06,2188200,"49,900",0.19,Positive,0.19,Positive,-0.04,Negative
26/08/2014,COF,McLean,82.25,81.739998,82.129997,81.800003,81.88,81.8,81.8,1458000,"49,900",-0.33,Negative,0.45,Positive,-0.51,Negative
27/08/2014,COF,McLean,82.019997,81.690002,81.989998,81.959999,81.77,81.96,81.96,1556800,"49,900",-0.03,Negative,0.54,Positive,-1.38,Negative
28/08/2014,COF,McLean,81.790001,81.209999,81.5,81.589996,81.82,81.59,81.59,1200600,"49,900",0.09,Positive,1.00,Positive,-0.37,Negative
29/08/2014,COF,McLean,82.419998,81.790001,82.050003,82.059998,82.32,82.06,82.06,1897900,"49,900",0.01,Positive,0.64,Positive,0.23,Positive
2/9/2014,COF,McLean,82.690002,81.870003,82.339996,82.580002,82.56,82.58,82.58,2808900,"49,900",0.24,Positive,-0.26,Negative,-0.12,Negative
3/9/2014,COF,McLean,82.93,82.440002,82.809998,82.529999,82.51,82.53,82.53,2207400,"49,900",-0.28,Negative,-1.29,Negative,-1.99,Negative
4/9/2014,COF,McLean,83.099998,82.18,82.68,82.5,82.6,82.5,82.5,1892600,"49,900",-0.18,Negative,-1.45,Negative,0.08,Positive
5/9/2014,COF,McLean,82.849998,82.139999,82.5,82.690002,82.39,82.69,82.69,1620600,"49,900",0.19,Positive,-1.27,Negative,-1.06,Negative
8/9/2014,COF,McLean,82.779999,81.849998,82.419998,82.080002,81.8,82.08,82.08,1906600,"49,900",-0.34,Negative,-1.48,Negative,-2.06,Negative
9/9/2014,COF,McLean,82.059998,81.480003,81.989998,81.519997,81.38,81.52,81.52,1945700,"49,900",-0.47,Negative,-0.49,Negative,-2.51,Negative
10/9/2014,COF,McLean,82.230003,81.199997,81.610001,81.230003,81.23,81.23,81.23,3078700,"49,900",-0.38,Negative,0.57,Positive,-1.58,Negative
11/9/2014,COF,McLean,81.339996,80.93,81.040001,81.230003,81.09,81.23,81.23,2129800,"49,900",0.19,Positive,1.84,Positive,-1.83,Negative
12/9/2014,COF,McLean,81.220001,80.660004,81.120003,80.940002,81.22,80.94,80.94,2949600,"49,900",-0.18,Negative,2.55,Positive,-2.59,Negative
15/09/2014,COF,McLean,81.779999,80.919998,81.120003,81.5,81.84,81.5,81.5,3621100,"49,900",0.38,Positive,2.95,Positive,-4.69,Negative
16/09/2014,COF,McLean,82.489998,81.25,81.550003,82.18,82.53,82.18,82.18,2891500,"49,900",0.63,Positive,1.74,Positive,-5.05,Negative
17/09/2014,COF,McLean,83.269997,82.129997,82.480003,82.879997,83.27,82.88,82.88,4075000,"49,900",0.4,Positive,-0.43,Negative,-3.78,Negative
18/09/2014,COF,McLean,83.989998,82.970001,83.160004,83.669998,83.87,83.67,83.67,4199200,"49,900",0.51,Positive,-0.74,Negative,-5.31,Negative
19/09/2014,COF,McLean,84.660004,83.889999,84.419998,84.07,83.68,84.07,84.07,4328500,"49,900",-0.35,Negative,-3.41,Negative,-6.03,Negative
22/09/2014,COF,McLean,84.349998,83.25,83.93,83.290001,82.67,83.29,83.29,2112500,"49,900",-0.64,Negative,-2.32,Negative,-4.66,Negative
23/09/2014,COF,McLean,83.199997,82.040001,82.809998,82.050003,82.24,82.05,82.05,2805900,"49,900",-0.76,Negative,-0.98,Negative,-3.77,Negative
24/09/2014,COF,McLean,82.519997,81.660004,82.209999,82.419998,81.72,82.42,82.42,2158900,"49,900",0.21,Positive,-0.59,Negative,-1.52,Negative
25/09/2014,COF,McLean,82.510002,81.010002,82.269997,81.010002,81.31,81.01,81.01,3232300,"49,900",-1.26,Negative,-1.66,Negative,-0.98,Negative
26/09/2014,COF,McLean,81.809998,80.879997,81.050003,81.610001,81.72,81.61,81.61,2292000,"49,900",0.56,Positive,0.08,Positive,0.68,Positive
29/09/2014,COF,McLean,82.029999,80.75,80.790001,81.830002,81.73,81.83,81.83,3133600,"49,900",1.04,Positive,1.49,Positive,1.98,Positive
30/09/2014,COF,McLean,82.400002,81.559998,81.940002,81.620003,81.12,81.62,81.62,3460900,"49,900",-0.32,Negative,0.28,Positive,0.73,Positive
1/10/2014,COF,McLean,81.910004,80.57,81.75,80.610001,80.87,80.61,80.61,3336100,"49,900",-1.14,Negative,-0.93,Negative,0.72,Positive
2/10/2014,COF,McLean,81.5,80.139999,80.68,81.129997,81.7,81.13,81.13,2721800,"49,900",0.45,Positive,2.08,Positive,0.92,Positive
3/10/2014,COF,McLean,82.660004,82.029999,82.080002,82.279999,82.25,82.28,82.28,3397200,"49,900",0.2,Positive,-0.64,Negative,0.00,
6/10/2014,COF,McLean,82.989998,81.82,82.809998,82.220001,81.52,82.22,82.22,1952600,"49,900",-0.59,Negative,-2.45,Negative,-0.21,Negative
7/10/2014,COF,McLean,81.809998,80.82,81.540001,80.82,81.79,80.82,80.82,3123900,"49,900",-0.72,Negative,-2.06,Negative,1.70,Positive
8/10/2014,COF,McLean,82.940002,80.709999,81.110001,82.760002,82.1,82.76,82.76,3370700,"49,900",1.65,Positive,-1.08,Negative,1.07,Positive
9/10/2014,COF,McLean,83.099998,81.330002,82.610001,81.440002,80.9,81.44,81.44,2954700,"49,900",-1.17,Negative,-3.40,Negative,-1.04,Negative
10/10/2014,COF,McLean,82.139999,80.339996,81.440002,80.360001,79.92,80.36,80.36,2738900,"49,900",-1.08,Negative,-2.91,Negative,0.16,Positive
13/10/2014,COF,McLean,80.809998,79.410004,80.230003,79.480003,79.76,79.48,79.48,2987200,"49,900",-0.75,Negative,-3.80,Negative,1.53,Positive
14/10/2014,COF,McLean,80.480003,79.540001,79.610001,80.029999,79.62,80.03,80.03,2889600,"49,900",0.42,Positive,-3.11,Negative,1.53,Positive
15/10/2014,COF,McLean,80.190002,77.830002,79.050003,79.209999,78.87,79.21,79.21,7118000,"49,900",0.16,Positive,-0.35,Negative,2.24,Positive
16/10/2014,COF,McLean,79.459999,77.260002,77.849998,78.529999,77.48,78.53,78.53,5980200,"49,900",0.68,Positive,0.00,Positive,2.79,Positive
17/10/2014,COF,McLean,76.769997,75.080002,75.989998,76.43,76.47,76.43,76.43,9753000,"49,900",0.44,Positive,2.40,Positive,5.10,Positive
20/10/2014,COF,McLean,76.730003,76,76.230003,76.5,77.6,76.5,76.5,4578800,"49,900",0.27,Positive,3.04,Positive,4.98,Positive
21/10/2014,COF,McLean,78.739998,76.690002,77.290001,78.699997,78.27,78.7,78.7,4667400,"49,900",1.41,Positive,1.75,Positive,4.81,Positive
22/10/2014,COF,McLean,78.769997,77.800003,78.510002,77.849998,78.12,77.85,77.85,3531500,"49,900",-0.66,Negative,2.18,Positive,4.15,Positive
23/10/2014,COF,McLean,78.919998,78.209999,78.68,78.389999,78.83,78.39,78.39,2306300,"49,900",-0.29,Negative,2.61,Positive,4.07,Positive
24/10/2014,COF,McLean,79.349998,78.440002,78.650002,79.269997,79.15,79.27,79.27,2289700,"49,900",0.62,Positive,3.08,Positive,4.55,Positive
27/10/2014,COF,McLean,79.68,78.860001,79.25,79.040001,79.87,79.04,79.04,2675700,"49,900",-0.21,Negative,3.52,Positive,3.06,Positive
28/10/2014,COF,McLean,80.800003,79.550003,79.610001,80.690002,80.99,80.69,80.69,2251700,"49,900",1.08,Positive,3.06,Positive,2.73,Positive
29/10/2014,COF,McLean,81.800003,80.580002,80.830002,81.290001,81.51,81.29,81.29,2509500,"49,900",0.46,Positive,1.64,Positive,1.35,Positive
30/10/2014,COF,McLean,82.360001,81.209999,81.400002,81.730003,82.25,81.73,81.73,2227400,"49,900",0.33,Positive,0.20,Positive,0.69,Positive
31/10/2014,COF,McLean,83.07,82.43,82.870003,82.769997,82.72,82.77,82.77,2666600,"49,900",-0.1,Negative,-0.79,Negative,0.07,Positive
3/11/2014,COF,McLean,83.32,82.510002,83,82.669998,82.57,82.67,82.67,2061000,"49,900",-0.33,Negative,-0.40,Negative,0.20,Positive
4/11/2014,COF,McLean,82.839996,81.839996,82.769997,82.470001,82.03,82.47,82.47,2199400,"49,900",-0.3,Negative,0.47,Positive,0.50,Positive
5/11/2014,COF,McLean,82.790001,81.32,82.690002,81.599998,81.84,81.6,81.6,3954700,"49,900",-1.09,Negative,-0.51,Negative,-0.30,Negative
6/11/2014,COF,McLean,82.309998,81.239998,81.599998,82.080002,82.34,82.08,82.08,2413200,"49,900",0.48,Positive,-0.03,Negative,0.78,Positive
7/11/2014,COF,McLean,83.139999,82,82.220001,82.599998,82.92,82.6,82.6,2065100,"49,900",0.38,Positive,-0.62,Negative,-2.05,Negative
10/11/2014,COF,McLean,83.300003,82.540001,82.599998,83.239998,82.71,83.24,83.24,2207100,"49,900",0.64,Positive,-0.84,Negative,-2.99,Negative
11/11/2014,COF,McLean,83.209999,81.830002,82.230003,82.18,81.88,82.18,82.18,3543900,"49,900",-0.05,Negative,-1.09,Negative,-4.00,Negative
12/11/2014,COF,McLean,82.010002,81.260002,81.949997,81.57,81.58,81.57,81.57,2408300,"49,900",-0.38,Negative,-0.66,Negative,-2.34,Negative
13/11/2014,COF,McLean,82.330002,81.199997,82.010002,81.599998,81.68,81.6,81.6,2632200,"49,900",-0.41,Negative,-1.37,Negative,0.15,Positive
14/11/2014,COF,McLean,81.959999,81.410004,81.410004,81.760002,81.45,81.76,81.76,2458300,"49,900",0.35,Positive,-0.32,Negative,1.02,Positive
17/11/2014,COF,McLean,81.730003,80.370003,81.730003,81.139999,81.22,81.14,81.14,2931000,"49,900",-0.59,Negative,-0.52,Negative,1.16,Positive
18/11/2014,COF,McLean,82.029999,81.25,81.5,81.290001,80.97,81.29,81.29,2596100,"49,900",-0.21,Negative,0.60,Positive,1.78,Positive
19/11/2014,COF,McLean,81.459999,80.480003,81.400002,80.639999,80.86,80.64,80.64,2173200,"49,900",-0.76,Negative,1.26,Positive,1.83,Positive
20/11/2014,COF,McLean,81.529999,80.220001,80.449997,81.089996,81.15,81.09,81.09,2968100,"49,900",0.64,Positive,2.30,Positive,2.76,Positive
21/11/2014,COF,McLean,81.910004,80.93,81.75,81.209999,81.65,81.21,81.21,2461900,"49,900",-0.54,Negative,1.45,Positive,1.55,Positive
24/11/2014,COF,McLean,82.230003,81.510002,81.580002,82.099998,82.38,82.1,82.1,1767900,"49,900",0.52,Positive,0.73,Positive,1.73,Positive
25/11/2014,COF,McLean,82.860001,81.989998,82.099998,82.660004,82.71,82.66,82.66,2393700,"49,900",0.56,Positive,0.24,Positive,0.45,Positive
26/11/2014,COF,McLean,83,82.410004,82.910004,82.75,82.97,82.75,82.75,1470000,"49,900",-0.16,Negative,-0.73,Negative,-0.42,Negative
28/11/2014,COF,McLean,83.690002,82.589996,82.620003,83.199997,82.75,83.2,83.2,1161900,"49,900",0.58,Positive,-0.53,Negative,-2.03,Negative
1/12/2014,COF,McLean,82.800003,82.169998,82.540001,82.309998,82.32,82.31,82.31,2161000,"49,900",-0.23,Negative,0.40,Positive,-3.45,Negative
2/12/2014,COF,McLean,82.800003,81.970001,82.139999,82.339996,82.26,82.34,82.34,1964400,"49,900",0.2,Positive,1.06,Positive,-2.15,Negative
3/12/2014,COF,McLean,82.57,81.830002,82.050003,82.18,82.13,82.18,82.18,2333500,"49,900",0.13,Positive,1.22,Positive,-1.28,Negative
4/12/2014,COF,McLean,82.190002,81,81,82.089996,82.51,82.09,82.09,2924000,"49,900",1.09,Positive,1.39,Positive,-1.63,Negative
5/12/2014,COF,McLean,83.260002,82.43,82.699997,82.940002,83.07,82.94,82.94,2853200,"49,900",0.24,Positive,-0.32,Negative,-3.64,Negative
8/12/2014,COF,McLean,83.260002,82.480003,83.169998,83.199997,83.23,83.2,83.2,3581200,"49,900",0.03,Positive,-3.00,Negative,-4.78,Negative
9/12/2014,COF,McLean,83.519997,82.089996,82.089996,83.269997,82.83,83.27,83.27,3188700,"49,900",1.18,Positive,-2.48,Negative,-5.34,Negative
10/12/2014,COF,McLean,83.599998,82.300003,83.279999,82.389999,82.38,82.39,82.39,4792900,"49,900",-0.89,Negative,-5.05,Negative,-6.33,Negative
11/12/2014,COF,McLean,83.110001,82.190002,82.580002,82.379997,81.27,82.38,82.38,2138300,"49,900",-0.2,Negative,-2.97,Negative,-5.93,Negative
12/12/2014,COF,McLean,82.230003,80.150002,81.800003,80.169998,79.89,80.17,80.17,3028100,"49,900",-1.63,Negative,0.36,Positive,-4.41,Negative
15/12/2014,COF,McLean,80.510002,78.580002,80.510002,79.610001,78.92,79.61,79.61,4607400,"49,900",-0.9,Negative,1.92,Positive,-3.30,Negative
16/12/2014,COF,McLean,79.940002,77.720001,78.870003,78.230003,78.92,78.23,78.23,3887600,"49,900",-0.64,Negative,4.02,Positive,-2.67,Negative
17/12/2014,COF,McLean,79.620003,78.150002,78.419998,79.610001,80.89,79.61,79.61,5072400,"49,900",1.19,Positive,4.86,Positive,-0.82,Negative
18/12/2014,COF,McLean,82.169998,80.330002,80.339996,82.160004,82.3,82.16,82.16,4340300,"49,900",1.82,Positive,2.89,Positive,-2.15,Negative
19/12/2014,COF,McLean,82.940002,81.720001,82.459999,82.43,82.66,82.43,82.43,4057100,"49,900",-0.03,Negative,0.75,Positive,-5.69,Negative
22/12/2014,COF,McLean,82.93,82.080002,82.400002,82.889999,83.08,82.89,82.89,2040800,"49,900",0.49,Positive,0.90,Positive,-7.95,Negative
23/12/2014,COF,McLean,83.769997,83.209999,83.389999,83.279999,83.26,83.28,83.28,1685200,"49,900",-0.11,Negative,-0.08,Negative,-8.43,Negative
24/12/2014,COF,McLean,83.57,83.190002,83.57,83.230003,83.22,83.23,83.23,1040600,"49,900",-0.34,Negative,-1.02,Negative,-10.36,Negative
26/12/2014,COF,McLean,83.779999,83.18,83.379997,83.209999,83.26,83.21,83.21,957600,"49,900",-0.17,Negative,-0.89,Negative,-8.96,Negative
29/12/2014,COF,McLean,83.959999,82.830002,82.959999,83.300003,83.31,83.3,83.3,1601200,"49,900",0.34,Positive,-2.37,Negative,-7.45,Negative
30/12/2014,COF,McLean,83.720001,82.900002,83.089996,83.309998,82.93,83.31,83.31,2069000,"49,900",0.22,Positive,-4.00,Negative,-7.79,Negative
31/12/2014,COF,McLean,83.949997,82.529999,83.830002,82.550003,82.52,82.55,82.55,1523200,"49,900",-1.28,Negative,-3.84,Negative,-8.05,Negative
2/1/2015,COF,McLean,83.239998,81.730003,82.790001,82.489998,81.54,82.49,82.49,1483200,"49,900",-0.3,Negative,-2.02,Negative,-6.57,Negative
5/1/2015,COF,McLean,82.160004,80.199997,81.57,80.589996,79.84,80.59,80.59,2678200,"49,900",-0.98,Negative,-2.20,Negative,-4.85,Negative
6/1/2015,COF,McLean,80.769997,78.860001,80.730003,79.089996,79.54,79.09,79.09,2929500,"49,900",-1.64,Negative,-1.67,Negative,-3.67,Negative
7/1/2015,COF,McLean,80.459999,79.709999,80.160004,79.989998,80.38,79.99,79.99,2434100,"49,900",-0.17,Negative,-1.77,Negative,-2.84,Negative
8/1/2015,COF,McLean,81.389999,80.580002,80.709999,80.769997,80.07,80.77,80.77,2008200,"49,900",0.06,Positive,-3.96,Negative,-1.42,Negative
9/1/2015,COF,McLean,81.029999,79.360001,80.900002,79.370003,79.22,79.37,79.37,2741300,"49,900",-1.53,Negative,-3.95,Negative,-2.02,Negative
12/1/2015,COF,McLean,80,78.650002,79.790001,79.059998,78.72,79.06,79.06,2372100,"49,900",-0.73,Negative,-3.14,Negative,0.21,Positive
13/01/2015,COF,McLean,80.040001,77.629997,79.75,78.389999,77.57,78.39,78.39,3944700,"49,900",-1.36,Negative,-2.36,Negative,-0.41,Negative
14/01/2015,COF,McLean,77.440002,75.510002,77.440002,76.75,76.85,76.75,76.75,4149400,"49,900",-0.69,Negative,-0.23,Negative,1.98,Positive
15/01/2015,COF,McLean,78.379997,76.639999,76.709999,76.949997,76.8,76.95,76.95,3918800,"49,900",0.24,Positive,-0.51,Negative,3.68,Positive
16/01/2015,COF,McLean,77.209999,75.550003,76.639999,76.650002,77.02,76.65,76.65,4689900,"49,900",0.01,Positive,0.96,Positive,3.42,Positive
20/01/2015,COF,McLean,77.620003,76.440002,76.629997,77.389999,77.3,77.39,77.39,3296000,"49,900",0.76,Positive,1.56,Positive,3.87,Positive
21/01/2015,COF,McLean,77.599998,76.599998,77.080002,77.209999,76.7,77.21,77.21,2486600,"49,900",0.13,Positive,-0.31,Negative,2.58,Positive
22/01/2015,COF,McLean,77.160004,74.75,76.959999,76.199997,76.9,76.2,76.2,7580300,"49,900",-0.76,Negative,-2.51,Negative,2.19,Positive
23/01/2015,COF,McLean,78.720001,76.629997,76.629997,77.599998,77.9,77.6,77.6,4806900,"49,900",0.97,Positive,-1.67,Negative,2.08,Positive
26/01/2015,COF,McLean,78.300003,76.5,77.230003,78.190002,77.48,78.19,78.19,4297900,"49,900",0.96,Positive,-4.02,Negative,1.92,Positive
27/01/2015,COF,McLean,77.580002,76.699997,77.279999,76.769997,75.61,76.77,76.77,3205600,"49,900",-0.51,Negative,-2.86,Negative,1.86,Positive
28/01/2015,COF,McLean,76.839996,74.43,76.660004,74.449997,74.7,74.45,74.45,4404900,"49,900",-2.21,Negative,-1.15,Negative,1.99,Positive
29/01/2015,COF,McLean,75.25,73.900002,74.199997,74.959999,74.08,74.96,74.96,4577700,"49,900",0.76,Positive,1.10,Positive,4.69,Positive
30/01/2015,COF,McLean,74.910004,73.110001,74.5,73.209999,73.81,73.21,73.21,4937800,"49,900",-1.29,Negative,1.28,Positive,4.48,Positive
2/2/2015,COF,McLean,74.519997,72.769997,73.699997,74.419998,74.97,74.42,74.42,3552000,"49,900",0.72,Positive,2.52,Positive,6.14,Positive
3/2/2015,COF,McLean,75.599998,74.540001,74.690002,75.510002,75.41,75.51,75.51,2830800,"49,900",0.82,Positive,2.03,Positive,3.03,Positive
4/2/2015,COF,McLean,76.080002,75.080002,75.739998,75.300003,75.54,75.3,75.3,3317900,"49,900",-0.44,Negative,1.32,Positive,2.49,Positive
5/2/2015,COF,McLean,75.959999,75.410004,75.449997,75.779999,76,75.78,75.78,3303500,"49,900",0.33,Positive,1.87,Positive,6.00,Positive
6/2/2015,COF,McLean,77.510002,76.07,76.32,76.220001,76.47,76.22,76.22,3786500,"49,900",-0.1,Negative,2.97,Positive,3.68,Positive
9/2/2015,COF,McLean,77.040001,75.290001,75.690002,76.720001,76.89,76.72,76.72,2441500,"49,900",1.03,Positive,3.19,Positive,5.78,Positive
10/2/2015,COF,McLean,77.599998,76.75,77.419998,77.059998,77.19,77.06,77.06,2063000,"49,900",-0.36,Negative,2.58,Positive,4.08,Positive
11/2/2015,COF,McLean,77.580002,76.900002,77.099998,77.32,78.31,77.32,77.32,1923300,"49,900",0.22,Positive,2.24,Positive,4.52,Positive
12/2/2015,COF,McLean,79.639999,77.889999,78.029999,79.290001,79.08,79.29,79.29,3961500,"49,900",1.26,Positive,1.39,Positive,2.59,Positive
13/02/2015,COF,McLean,79.709999,78.650002,79.389999,78.879997,79.44,78.88,78.88,3216000,"49,900",-0.51,Negative,1.00,Positive,1.74,Positive
17/02/2015,COF,McLean,80.279999,78.769997,78.790001,80,79.67,80,80,3468600,"49,900",1.21,Positive,1.27,Positive,2.46,Positive
18/02/2015,COF,McLean,79.989998,79.269997,79.730003,79.339996,79.38,79.34,79.34,2531300,"49,900",-0.39,Negative,0.77,Positive,0.41,Positive
19/02/2015,COF,McLean,79.75,79.089996,79.389999,79.419998,79.9,79.42,79.42,2190700,"49,900",0.03,Positive,0.27,Positive,-0.55,Negative
20/02/2015,COF,McLean,80.419998,78.57,79.199997,80.389999,80.22,80.39,80.39,2590500,"49,900",1.19,Positive,-0.05,Negative,-0.69,Negative
23/02/2015,COF,McLean,80.389999,79.379997,80.389999,80.059998,80.28,80.06,80.06,2397500,"49,900",-0.33,Negative,-1.68,Negative,-1.74,Negative
24/02/2015,COF,McLean,80.82,79.620003,79.839996,80.5,80.08,80.5,80.5,2225300,"49,900",0.66,Positive,-0.69,Negative,-0.64,Negative
25/02/2015,COF,McLean,80.419998,79.550003,80.18,79.660004,79.41,79.66,79.66,3103800,"49,900",-0.52,Negative,-1.04,Negative,-1.36,Negative
26/02/2015,COF,McLean,79.970001,78.720001,79.480003,79.150002,78.93,79.15,79.15,2731700,"49,900",-0.33,Negative,-0.83,Negative,0.39,Positive
27/02/2015,COF,McLean,79.410004,78.709999,78.860001,78.709999,78.93,78.71,78.71,3329200,"49,900",-0.15,Negative,0.03,Positive,1.45,Positive
2/3/2015,COF,McLean,79.279999,78.269997,78.709999,79.150002,79.15,79.15,79.15,3486400,"49,900",0.44,Positive,0.27,Positive,1.61,Positive
3/3/2015,COF,McLean,79.419998,78.779999,79.150002,79.139999,78.9,79.14,79.14,2257000,"49,900",-0.01,Negative,0.69,Positive,0.52,Positive
4/3/2015,COF,McLean,78.980003,78.25,78.949997,78.650002,78.77,78.65,78.65,2340500,"49,900",-0.3,Negative,-1.23,Negative,1.24,Positive
5/3/2015,COF,McLean,78.970001,78.199997,78.650002,78.889999,78.94,78.89,78.89,2042100,"49,900",0.24,Positive,-0.42,Negative,1.71,Positive
6/3/2015,COF,McLean,80.709999,78.760002,79.550003,78.980003,79.41,78.98,78.98,3088700,"49,900",-0.57,Negative,1.90,Positive,1.06,Positive
9/3/2015,COF,McLean,80.019997,78.620003,78.870003,79.839996,78.78,79.84,79.84,3048100,"49,900",0.97,Positive,1.13,Positive,2.22,Positive
10/3/2015,COF,McLean,79.110001,77.699997,79.019997,77.720001,77.98,77.72,77.72,2861100,"49,900",-1.3,Negative,2.45,Positive,2.33,Positive
11/3/2015,COF,McLean,78.529999,77.720001,78.050003,78.230003,79.84,78.23,78.23,2259600,"49,900",0.18,Positive,3.45,Positive,4.77,Positive
12/3/2015,COF,McLean,81.519997,79.040001,79.040001,81.449997,80.72,81.45,81.45,4562500,"49,900",2.41,Positive,2.58,Positive,3.97,Positive
13/03/2015,COF,McLean,81.400002,79.269997,81.400002,80,80.74,80,80,2770500,"49,900",-1.4,Negative,-0.78,Negative,0.60,Positive
16/03/2015,COF,McLean,81.769997,80.529999,80.639999,81.470001,81.49,81.47,81.47,2888900,"49,900",0.83,Positive,0.49,Positive,1.55,Positive
17/03/2015,COF,McLean,81.650002,80.669998,81,81.5,81.56,81.5,81.5,2197700,"49,900",0.5,Positive,0.25,Positive,0.53,Positive
18/03/2015,COF,McLean,81.910004,80.510002,80.970001,81.620003,81.12,81.62,81.62,2164600,"49,900",0.65,Positive,-0.83,Negative,0.79,Positive
19/03/2015,COF,McLean,81.589996,80.529999,81.480003,80.620003,80.88,80.62,80.62,2653800,"49,900",-0.86,Negative,-2.64,Negative,0.38,Positive
20/03/2015,COF,McLean,81.449997,80.760002,80.970001,81.129997,81.19,81.13,81.13,3649600,"49,900",0.16,Positive,-2.46,Negative,-0.53,Negative
23/03/2015,COF,McLean,81.989998,81.18,81.269997,81.25,80.69,81.25,81.25,1729400,"49,900",-0.02,Negative,-2.62,Negative,-0.91,Negative
24/03/2015,COF,McLean,80.959999,80.129997,80.940002,80.139999,79.49,80.14,80.14,2118100,"49,900",-0.8,Negative,-1.74,Negative,-0.21,Negative
25/03/2015,COF,McLean,80.18,78.839996,80.18,78.839996,78.67,78.84,78.84,1918300,"49,900",-1.34,Negative,-1.36,Negative,0.18,Positive
26/03/2015,COF,McLean,78.900002,77.889999,78.800003,78.510002,78.58,78.51,78.51,2291100,"49,900",-0.29,Negative,1.07,Positive,2.05,Positive
27/03/2015,COF,McLean,79.019997,78.050003,78.470001,78.650002,78.92,78.65,78.65,2636300,"49,900",0.18,Positive,1.84,Positive,3.46,Positive
30/03/2015,COF,McLean,79.610001,79.059998,79.190002,79.199997,79.01,79.2,79.2,1962700,"49,900",0.01,Positive,1.13,Positive,3.07,Positive
31/03/2015,COF,McLean,79.190002,78.449997,78.580002,78.82,79.35,78.82,78.82,2666700,"49,900",0.24,Positive,1.09,Positive,3.69,Positive
1/4/2015,COF,McLean,80.040001,78.57,78.830002,79.870003,80.09,79.87,79.87,3607600,"49,900",1.04,Positive,1.36,Positive,3.81,Positive
2/4/2015,COF,McLean,80.440002,79.459999,79.639999,80.309998,80.31,80.31,80.31,1968500,"49,900",0.67,Positive,0.72,Positive,2.38,Positive
6/4/2015,COF,McLean,80.839996,79.139999,79.43,80.32,79.99,80.32,80.32,2099300,"49,900",0.89,Positive,1.18,Positive,3.73,Positive
7/4/2015,COF,McLean,80.279999,79.669998,79.860001,79.669998,79.93,79.67,79.67,2301100,"49,900",-0.19,Negative,1.23,Positive,3.45,Positive
8/4/2015,COF,McLean,81.040001,79.650002,79.660004,80.190002,80.28,80.19,80.19,2564200,"49,900",0.53,Positive,1.69,Positive,3.25,Positive
9/4/2015,COF,McLean,80.410004,79.620003,80.040001,80.360001,80.49,80.36,80.36,1856800,"49,900",0.32,Positive,2.78,Positive,3.61,Positive
10/4/2015,COF,McLean,80.660004,80.010002,80.230003,80.610001,80.85,80.61,80.61,2233400,"49,900",0.38,Positive,2.78,Positive,4.24,Positive
13/04/2015,COF,McLean,81.330002,80.43,80.610001,81.089996,81.22,81.09,81.09,1644200,"49,900",0.48,Positive,1.39,Positive,3.42,Positive
14/04/2015,COF,McLean,81.470001,80.769997,81.089996,81.349998,82.08,81.35,81.35,2567000,"49,900",0.26,Positive,1.10,Positive,3.47,Positive
15/04/2015,COF,McLean,82.959999,81.360001,81.550003,82.82,82.92,82.82,82.82,3696200,"49,900",1.27,Positive,-0.02,Negative,3.86,Positive
16/04/2015,COF,McLean,83.209999,82.519997,82.620003,83.010002,82.51,83.01,83.01,2373400,"49,900",0.39,Positive,-0.86,Negative,2.73,Positive
17/04/2015,COF,McLean,82.620003,81.82,82.400002,82,82.1,82,82,2752600,"49,900",-0.4,Negative,-0.54,Negative,2.71,Positive
20/04/2015,COF,McLean,82.639999,82.050003,82.360001,82.190002,81.86,82.19,82.19,1699900,"49,900",-0.17,Negative,-1.92,Negative,2.66,Positive
21/04/2015,COF,McLean,82.610001,81.5,82.5,81.529999,81.65,81.53,81.53,2294900,"49,900",-0.97,Negative,-2.14,Negative,1.45,Positive
22/04/2015,COF,McLean,81.889999,81.040001,81.550003,81.760002,81.81,81.76,81.76,2543200,"49,900",0.21,Positive,-0.82,Negative,3.08,Positive
23/04/2015,COF,McLean,82.339996,81.550003,81.68,81.860001,81.15,81.86,81.86,2361500,"49,900",0.18,Positive,-1.32,Negative,2.62,Positive
24/04/2015,COF,McLean,81.059998,79.360001,80.089996,80.440002,80.4,80.44,80.44,3780700,"49,900",0.35,Positive,0.76,Positive,3.47,Positive
27/04/2015,COF,McLean,81.07,80.300003,80.580002,80.360001,80.55,80.36,80.36,2815700,"49,900",-0.22,Negative,1.35,Positive,2.81,Positive
28/04/2015,COF,McLean,80.919998,80.059998,80.519997,80.730003,80.55,80.73,80.73,1783500,"49,900",0.21,Positive,1.74,Positive,3.43,Positive
29/04/2015,COF,McLean,80.989998,79.839996,80.599998,80.360001,80.6,80.36,80.36,1899900,"49,900",-0.24,Negative,1.67,Positive,3.70,Positive
30/04/2015,COF,McLean,80.849998,79.82,80.230003,80.849998,81.39,80.85,80.85,4201200,"49,900",0.62,Positive,2.41,Positive,2.96,Positive
1/5/2015,COF,McLean,81.989998,80.970001,81.239998,81.93,82.1,81.93,81.93,2840000,"49,900",0.69,Positive,0.78,Positive,3.70,Positive
4/5/2015,COF,McLean,82.43,81.809998,82,82.260002,82.26,82.26,82.26,1934200,"49,900",0.26,Positive,1.16,Positive,2.94,Positive
5/5/2015,COF,McLean,83.040001,81.940002,82,82.269997,82.45,82.27,82.27,2760800,"49,900",0.27,Positive,1.31,Positive,3.57,Positive
6/5/2015,COF,McLean,82.989998,82,82.739998,82.639999,82.33,82.64,82.64,3283900,"49,900",-0.1,Negative,0.17,Positive,4.19,Positive
7/5/2015,COF,McLean,82.32,81.400002,82.160004,82.019997,82.59,82.02,82.02,3150900,"49,900",-0.14,Negative,1.49,Positive,5.50,Positive
8/5/2015,COF,McLean,83.360001,82.160004,82.589996,83.160004,83.24,83.16,83.16,2767400,"49,900",0.57,Positive,1.88,Positive,4.98,Positive
11/5/2015,COF,McLean,83.660004,83,83.139999,83.309998,83.11,83.31,83.31,2109500,"49,900",0.17,Positive,0.89,Positive,4.35,Positive
12/5/2015,COF,McLean,83.160004,82.239998,82.889999,82.910004,83.28,82.91,82.91,2438900,"49,900",0.02,Positive,1.67,Positive,5.18,Positive
13/05/2015,COF,McLean,83.709999,82.720001,82.980003,83.650002,84.06,83.65,83.65,2172300,"49,900",0.67,Positive,2.43,Positive,4.86,Positive
14/05/2015,COF,McLean,84.5,83.75,84.120003,84.470001,84.25,84.47,84.47,2390800,"49,900",0.35,Positive,1.23,Positive,4.40,Positive
15/05/2015,COF,McLean,84.739998,83.589996,84.629997,84.029999,84.29,84.03,84.03,3146200,"49,900",-0.6,Negative,0.48,Positive,3.79,Positive
18/05/2015,COF,McLean,84.720001,84,84.239998,84.559998,84.99,84.56,84.56,1665600,"49,900",0.32,Positive,0.78,Positive,5.08,Positive
19/05/2015,COF,McLean,85.550003,84.690002,84.910004,85.410004,85.38,85.41,85.41,2615600,"49,900",0.5,Positive,-0.96,Negative,4.47,Positive
20/05/2015,COF,McLean,85.68,84.919998,85.25,85.349998,85.23,85.35,85.35,2119300,"49,900",0.1,Positive,-0.62,Negative,3.84,Positive
21/05/2015,COF,McLean,85.440002,84.800003,85.269997,85.110001,85.06,85.11,85.11,2156300,"49,900",-0.16,Negative,-0.97,Negative,3.58,Positive
22/05/2015,COF,McLean,85.360001,84.610001,84.900002,85.019997,84.48,85.02,85.02,1740500,"49,900",0.12,Positive,-1.34,Negative,4.16,Positive
26/05/2015,COF,McLean,84.980003,83.480003,84.980003,83.949997,84.29,83.95,83.95,2833600,"49,900",-1.03,Negative,-1.59,Negative,2.77,Positive
27/05/2015,COF,McLean,85.050003,84.110001,84.449997,84.629997,84.47,84.63,84.63,2131700,"49,900",0.18,Positive,-0.50,Negative,3.52,Positive
28/05/2015,COF,McLean,84.720001,83.879997,84.480003,84.300003,83.93,84.3,84.3,1847900,"49,900",-0.18,Negative,-0.18,Negative,4.12,Positive
29/05/2015,COF,McLean,84.519997,83.32,84.379997,83.559998,83.47,83.56,83.56,2473600,"49,900",-0.82,Negative,-1.19,Negative,3.94,Positive
1/6/2015,COF,McLean,84.040001,83.129997,83.800003,83.389999,83.67,83.39,83.39,2129300,"49,900",-0.41,Negative,1.14,Positive,3.95,Positive
2/6/2015,COF,McLean,84.300003,83.269997,83.440002,83.949997,84.13,83.95,83.95,2427900,"49,900",0.51,Positive,1.50,Positive,4.45,Positive
3/6/2015,COF,McLean,84.910004,83.980003,84,84.300003,83.75,84.3,84.3,2221400,"49,900",0.3,Positive,1.57,Positive,2.21,Positive
4/6/2015,COF,McLean,84.279999,83.050003,83.550003,83.190002,84.07,83.19,83.19,3164000,"49,900",-0.36,Negative,3.38,Positive,3.18,Positive
5/6/2015,COF,McLean,85.010002,83.730003,83.889999,84.940002,84.94,84.94,84.94,3965400,"49,900",1.05,Positive,3.77,Positive,3.78,Positive
8/6/2015,COF,McLean,85.370003,84.690002,85.080002,84.940002,85.26,84.94,84.94,3468300,"49,900",-0.14,Negative,2.49,Positive,3.95,Positive
9/6/2015,COF,McLean,85.720001,84.589996,84.739998,85.57,86.25,85.57,85.57,2361700,"49,900",0.83,Positive,2.75,Positive,4.28,Positive
10/6/2015,COF,McLean,86.989998,85.400002,85.800003,86.93,87.3,86.93,86.93,4359300,"49,900",1.13,Positive,2.27,Positive,4.30,Positive
11/6/2015,COF,McLean,87.940002,86.739998,86.989998,87.660004,87.62,87.66,87.66,2939100,"49,900",0.67,Positive,0.85,Positive,3.97,Positive
12/6/2015,COF,McLean,87.779999,87.120003,87.470001,87.57,87.53,87.57,87.57,2627500,"49,900",0.1,Positive,1.05,Positive,3.52,Positive
15/06/2015,COF,McLean,87.589996,86.779999,86.779999,87.489998,87.78,87.49,87.49,2810100,"49,900",0.71,Positive,1.64,Positive,4.66,Positive
16/06/2015,COF,McLean,88.120003,87.18,87.370003,88.07,87.95,88.07,88.07,2250500,"49,900",0.7,Positive,1.95,Positive,4.34,Positive
17/06/2015,COF,McLean,88.489998,87.709999,88.489998,87.839996,88.18,87.84,87.84,2870300,"49,900",-0.65,Negative,0.89,Positive,3.16,Positive
18/06/2015,COF,McLean,88.650002,87.709999,88.160004,88.519997,88.47,88.52,88.52,2655700,"49,900",0.36,Positive,0.93,Positive,2.61,Positive
19/06/2015,COF,McLean,88.760002,88.019997,88.150002,88.419998,88.87,88.42,88.42,3614800,"49,900",0.27,Positive,0.70,Positive,-9.29,Negative
22/06/2015,COF,McLean,89.5,88.959999,89,89.32,89.35,89.32,89.32,2140900,"49,900",0.32,Positive,0.06,Positive,-10.39,Negative
23/06/2015,COF,McLean,89.989998,89.169998,89.93,89.379997,89.23,89.38,89.38,1881000,"49,900",-0.55,Negative,-2.18,Negative,-11.28,Negative
24/06/2015,COF,McLean,89.650002,89.07,89.309998,89.089996,88.97,89.09,89.09,2153800,"49,900",-0.22,Negative,-1.34,Negative,-9.69,Negative
25/06/2015,COF,McLean,90.099998,88.519997,89.480003,88.849998,88.95,88.85,88.85,2431700,"49,900",-0.63,Negative,-0.88,Negative,-7.98,Negative
26/06/2015,COF,McLean,89.32,88.790001,89.160004,89.059998,88.4,89.06,89.06,3244000,"49,900",-0.1,Negative,-0.84,Negative,-7.86,Negative
29/06/2015,COF,McLean,88.550003,87.660004,87.870003,87.75,87.86,87.75,87.75,3131100,"49,900",-0.12,Negative,-0.12,Negative,-6.24,Negative
30/06/2015,COF,McLean,88.75,87.709999,88.519997,87.970001,88.28,87.97,87.97,2827500,"49,900",-0.55,Negative,-0.63,Negative,-7.14,Negative
1/7/2015,COF,McLean,89.010002,88.190002,89.010002,88.599998,88.46,88.6,88.6,2728800,"49,900",-0.41,Negative,-2.80,Negative,-7.15,Negative
2/7/2015,COF,McLean,89.07,88.019997,88.720001,88.32,88.04,88.32,88.32,1903700,"49,900",-0.4,Negative,-1.99,Negative,-7.58,Negative
6/7/2015,COF,McLean,88,87.25,87.410004,87.75,87.82,87.75,87.75,1999400,"49,900",0.34,Positive,0.26,Positive,-6.59,Negative
7/7/2015,COF,McLean,87.959999,86.349998,87.669998,87.889999,87.05,87.89,87.89,2581300,"49,900",0.22,Positive,1.36,Positive,-5.18,Negative
8/7/2015,COF,McLean,87.540001,86.120003,87.389999,86.209999,86.47,86.21,86.21,2361700,"49,900",-1.18,Negative,1.63,Positive,-6.52,Negative
9/7/2015,COF,McLean,87.610001,86.699997,87.220001,86.730003,87.2,86.73,86.73,2025700,"49,900",-0.49,Negative,2.88,Positive,-6.60,Negative
10/7/2015,COF,McLean,88.080002,87.099998,87.82,87.669998,88.35,87.67,87.67,1723600,"49,900",-0.15,Negative,3.14,Positive,-7.06,Negative
13/07/2015,COF,McLean,89.089996,88.110001,88.529999,89.029999,89.02,89.03,89.03,2058800,"49,900",0.5,Positive,2.46,Positive,-7.26,Negative
14/07/2015,COF,McLean,89.220001,88.580002,88.730003,89.019997,89.56,89.02,89.02,1783800,"49,900",0.29,Positive,2.71,Positive,-7.08,Negative
15/07/2015,COF,McLean,90.559998,89.040001,89.739998,90.099998,90.53,90.1,90.1,2211300,"49,900",0.36,Positive,1.97,Positive,-8.48,Negative
16/07/2015,COF,McLean,91.080002,90.510002,90.650002,90.959999,90.97,90.96,90.96,2067300,"49,900",0.31,Positive,1.00,Positive,-10.53,Negative
17/07/2015,COF,McLean,91.019997,90.269997,90.629997,90.989998,91.22,90.99,90.99,2401100,"49,900",0.36,Positive,0.14,Positive,-11.59,Negative
20/07/2015,COF,McLean,91.849998,90.580002,91.080002,91.440002,91.58,91.44,91.44,2377100,"49,900",0.36,Positive,-12.22,Negative,-14.46,Negative
21/07/2015,COF,McLean,92.059998,91.199997,91.419998,91.709999,91.68,91.71,91.71,2522000,"49,900",0.29,Positive,-12.81,Negative,-17.89,Negative
22/07/2015,COF,McLean,92.099998,91.279999,91.620003,91.650002,91.21,91.65,91.65,2484000,"49,900",0.03,Positive,-12.97,Negative,-19.37,Negative
23/07/2015,COF,McLean,91.800003,90.599998,91.620003,90.769997,84.81,90.77,90.77,2646200,"49,900",-0.85,Negative,-12.00,Negative,-16.87,Negative
24/07/2015,COF,McLean,83.900002,78.230003,83.540001,78.860001,78.74,78.86,78.86,16800000,"49,900",-4.68,Negative,-2.04,Negative,-6.18,Negative
27/07/2015,COF,McLean,79.379997,77.949997,78.040001,78.610001,78.63,78.61,78.61,7195600,"49,900",0.57,Positive,3.26,Positive,-0.72,Negative
28/07/2015,COF,McLean,79.25,77.800003,79.25,78.650002,79.14,78.65,78.65,7524100,"49,900",-0.6,Negative,2.38,Positive,-1.50,Negative
29/07/2015,COF,McLean,79.739998,78.889999,78.940002,79.620003,80.56,79.62,79.62,4626500,"49,900",0.68,Positive,2.44,Positive,-4.62,Negative
30/07/2015,COF,McLean,81.580002,80.110001,80.220001,81.5,81.4,81.5,81.5,4276500,"49,900",1.28,Positive,1.64,Positive,-4.92,Negative
31/07/2015,COF,McLean,81.599998,80.900002,81.580002,81.300003,81.47,81.3,81.3,3677200,"49,900",-0.28,Negative,-0.44,Negative,-5.42,Negative
3/8/2015,COF,McLean,81.699997,80.790001,81.459999,81.629997,81.5,81.63,81.63,3392900,"49,900",0.17,Positive,-0.64,Negative,-6.63,Negative
4/8/2015,COF,McLean,81.919998,81.260002,81.629997,81.379997,81.62,81.38,81.38,2088400,"49,900",-0.25,Negative,0.86,Positive,-4.84,Negative
5/8/2015,COF,McLean,82.220001,81.330002,81.949997,81.860001,81.5,81.86,81.86,3937500,"49,900",-0.09,Negative,-1.08,Negative,-6.09,Negative
6/8/2015,COF,McLean,81.830002,80.860001,81.540001,81.139999,80.98,81.14,81.14,3196300,"49,900",-0.4,Negative,-0.92,Negative,-5.67,Negative
7/8/2015,COF,McLean,81.629997,80.269997,81,80.82,81.65,80.82,80.82,2879000,"49,900",-0.18,Negative,-0.24,Negative,-5.35,Negative
10/8/2015,COF,McLean,82.669998,81.300003,81.470001,82.489998,81.68,82.49,82.49,2303100,"49,900",1.02,Positive,-0.20,Negative,-5.71,Negative
11/8/2015,COF,McLean,81.919998,80.43,81.709999,80.870003,80.75,80.87,80.87,2540800,"49,900",-0.84,Negative,-0.06,Negative,-5.35,Negative
12/8/2015,COF,McLean,80.889999,79.129997,80.440002,80.620003,80.69,80.62,80.62,3122100,"49,900",0.18,Positive,0.82,Positive,-3.16,Negative
13/08/2015,COF,McLean,81.419998,80.379997,80.980003,80.760002,81.01,80.76,80.76,2448700,"49,900",-0.22,Negative,-0.86,Negative,-5.09,Negative
14/08/2015,COF,McLean,81.360001,80.300003,80.330002,81.269997,81.46,81.27,81.27,1960100,"49,900",0.94,Positive,-1.29,Negative,-6.77,Negative
17/08/2015,COF,McLean,81.779999,80.5,80.690002,81.650002,81.46,81.65,81.65,2020200,"49,900",0.96,Positive,-4.07,Negative,-6.11,Negative
18/08/2015,COF,McLean,82.080002,80.889999,81.610001,81.260002,80.69,81.26,81.26,2414600,"49,900",-0.35,Negative,-8.08,Negative,-7.93,Negative
19/08/2015,COF,McLean,80.870003,79.739998,80.660004,80.120003,79.58,80.12,80.12,4639000,"49,900",-0.54,Negative,-8.41,Negative,-7.16,Negative
20/08/2015,COF,McLean,79.769997,79.010002,79.300003,79.040001,77.83,79.04,79.04,2895600,"49,900",-0.26,Negative,-4.55,Negative,-6.18,Negative
21/08/2015,COF,McLean,78.82,76.620003,78.290001,76.620003,75.08,76.62,76.62,4220400,"49,900",-1.67,Negative,-0.93,Negative,-4.24,Negative
24/08/2015,COF,McLean,75.870003,67.730003,71.790001,73.529999,72.89,73.53,73.53,4382600,"49,900",1.74,Positive,5.53,Positive,0.38,Positive
25/08/2015,COF,McLean,75.849998,72.199997,75.790001,72.25,73.5,72.25,72.25,3577000,"49,900",-3.54,Negative,1.96,Positive,-4.24,Negative
26/08/2015,COF,McLean,74.910004,72.449997,73.620003,74.75,76.06,74.75,74.75,3699900,"49,900",1.13,Positive,0.70,Positive,-1.10,Negative
27/08/2015,COF,McLean,77.629997,75.550003,75.809998,77.360001,77.34,77.36,77.36,4724900,"49,900",1.55,Positive,-0.51,Negative,-2.87,Negative
28/08/2015,COF,McLean,77.519997,76.75,77.07,77.32,77.54,77.32,77.32,2262200,"49,900",0.25,Positive,-0.91,Negative,-4.20,Negative
31/08/2015,COF,McLean,78.110001,76.669998,77.019997,77.75,76.04,77.75,77.75,2673000,"49,900",0.73,Positive,-2.19,Negative,-1.72,Negative
1/9/2015,COF,McLean,76.07,73.860001,75.68,74.32,74.81,74.32,74.32,2813000,"49,900",-1.36,Negative,1.11,Positive,-0.46,Negative
2/9/2015,COF,McLean,75.940002,74.18,75.540001,75.300003,75.73,75.3,75.3,2580200,"49,900",-0.24,Negative,0.32,Positive,-0.58,Negative
3/9/2015,COF,McLean,77.349998,75.690002,75.989998,76.160004,75.5,76.16,76.16,2940000,"49,900",0.17,Positive,-0.12,Negative,-0.94,Negative
4/9/2015,COF,McLean,75.32,74.169998,74.949997,74.830002,75.81,74.83,74.83,2249800,"49,900",-0.12,Negative,0.70,Positive,-0.50,Negative
8/9/2015,COF,McLean,76.800003,75.709999,76,76.790001,76.33,76.79,76.79,2613000,"49,900",0.79,Positive,-0.24,Negative,-1.75,Negative
9/9/2015,COF,McLean,77.980003,75.690002,77.519997,75.860001,75.87,75.86,75.86,2243800,"49,900",-1.66,Negative,-1.16,Negative,-3.58,Negative
10/9/2015,COF,McLean,76.43,75.389999,75.459999,75.870003,75.76,75.87,75.87,2530900,"49,900",0.41,Positive,1.82,Positive,-2.90,Negative
11/9/2015,COF,McLean,75.889999,74.910004,75.589996,75.650002,75.71,75.65,75.65,2324400,"49,900",0.06,Positive,0.30,Positive,-1.07,Negative
14/09/2015,COF,McLean,76.339996,75.290001,75.809998,75.760002,76.06,75.76,75.76,2658200,"49,900",-0.05,Negative,-2.25,Negative,-1.14,Negative
15/09/2015,COF,McLean,76.800003,75.919998,76,76.360001,76.82,76.36,76.36,3306600,"49,900",0.36,Positive,-1.42,Negative,-1.36,Negative
16/09/2015,COF,McLean,77.410004,76.190002,76.580002,77.279999,76.58,77.28,77.28,2869600,"49,900",0.7,Positive,-2.90,Negative,-2.00,Negative
17/09/2015,COF,McLean,77.699997,75.559998,77.290001,75.889999,74.72,75.89,75.89,2744500,"49,900",-1.4,Negative,-3.79,Negative,-3.61,Negative
18/09/2015,COF,McLean,74.879997,73.339996,74.839996,73.559998,74.07,73.56,73.56,4922400,"49,900",-1.28,Negative,-1.72,Negative,0.10,Positive
21/09/2015,COF,McLean,75.019997,74.080002,74.209999,74.580002,74.13,74.58,74.58,2219900,"49,900",0.37,Positive,-0.16,Negative,6.91,Positive
22/09/2015,COF,McLean,73.779999,72.949997,73.519997,73.68,73.59,73.68,73.68,2188000,"49,900",0.16,Positive,-1.35,Negative,6.13,Positive
23/09/2015,COF,McLean,74.080002,73.190002,74.080002,73.5,73.31,73.5,73.5,2097300,"49,900",-0.58,Negative,-2.53,Negative,5.25,Positive
24/09/2015,COF,McLean,73.239998,72.18,72.599998,73.120003,73.59,73.12,73.12,3693200,"49,900",0.52,Positive,-0.08,Negative,8.54,Positive
25/09/2015,COF,McLean,74.730003,73.839996,74.220001,74.050003,73.11,74.05,74.05,2522200,"49,900",-0.17,Negative,-1.28,Negative,5.98,Positive
28/09/2015,COF,McLean,73.949997,72.099998,73.580002,72.169998,71.86,72.17,72.17,1993200,"49,900",-1.41,Negative,-0.71,Negative,5.32,Positive
29/09/2015,COF,McLean,72.489998,71.040001,72.120003,71.550003,72.04,71.55,71.55,2837800,"49,900",-0.57,Negative,3.18,Positive,8.10,Positive
30/09/2015,COF,McLean,72.860001,71.760002,72.720001,72.519997,72.73,72.52,72.52,2678300,"49,900",-0.2,Negative,2.50,Positive,8.16,Positive
1/10/2015,COF,McLean,73.019997,71.760002,72.629997,72.940002,72.91,72.94,72.94,4221000,"49,900",0.31,Positive,2.33,Positive,7.92,Positive
2/10/2015,COF,McLean,72.870003,70.169998,71.209999,72.870003,74.09,72.87,72.87,3122500,"49,900",1.66,Positive,3.84,Positive,8.34,Positive
5/10/2015,COF,McLean,75.639999,73.360001,73.360001,75.300003,75.26,75.3,75.3,2538700,"49,900",1.94,Positive,1.09,Positive,8.06,Positive
6/10/2015,COF,McLean,75.690002,74.669998,74.900002,75.220001,75.09,75.22,75.22,2336700,"49,900",0.32,Positive,-0.65,Negative,5.55,Positive
7/10/2015,COF,McLean,76.169998,74.660004,75.68,74.959999,75.01,74.96,74.96,2338200,"49,900",-0.72,Negative,-1.74,Negative,3.70,Positive
8/10/2015,COF,McLean,75.260002,73.870003,74.550003,75.050003,74.75,75.05,75.05,2422000,"49,900",0.5,Positive,-1.99,Negative,4.32,Positive
9/10/2015,COF,McLean,75.709999,74.239998,75.349998,74.449997,74.35,74.45,74.45,2209500,"49,900",-0.9,Negative,-0.83,Negative,2.03,Positive
12/10/2015,COF,McLean,74.879997,74.010002,74.650002,74.25,74.1,74.25,74.25,1729900,"49,900",-0.4,Negative,0.02,Positive,2.32,Positive
13/10/2015,COF,McLean,74.57,73.629997,74.07,73.940002,73.25,73.94,73.94,2340900,"49,900",-0.13,Negative,0.57,Positive,3.83,Positive
14/10/2015,COF,McLean,74.050003,72.330002,74,72.559998,73.54,72.56,72.56,3287400,"49,900",-1.44,Negative,0.58,Positive,2.37,Positive
15/10/2015,COF,McLean,74.540001,72.629997,73.18,74.519997,74.59,74.52,74.52,2593300,"49,900",1.34,Positive,0.50,Positive,5.11,Positive
16/10/2015,COF,McLean,75.080002,74.160004,74.949997,74.669998,74.65,74.67,74.67,2714200,"49,900",-0.28,Negative,-0.01,Negative,4.63,Positive
19/10/2015,COF,McLean,74.879997,73.970001,74.139999,74.639999,74.61,74.64,74.64,2429300,"49,900",0.5,Positive,6.98,Positive,5.32,Positive
20/10/2015,COF,McLean,75.160004,74.419998,74.540001,74.580002,74.13,74.58,74.58,2155600,"49,900",0.04,Positive,5.11,Positive,4.28,Positive
21/10/2015,COF,McLean,75.300003,73.610001,75.010002,73.68,74.31,73.68,73.68,3235800,"49,900",-1.33,Negative,4.32,Positive,3.62,Positive
22/10/2015,COF,McLean,76.379997,73.779999,73.779999,74.940002,78.03,74.94,74.94,4234100,"49,900",1.16,Positive,7.36,Positive,5.26,Positive
23/10/2015,COF,McLean,81.410004,77.18,77.360001,81.120003,80.39,81.12,81.12,6560700,"49,900",3.76,Positive,2.84,Positive,1.64,Positive
26/10/2015,COF,McLean,80.93,79.470001,80.510002,79.650002,79.49,79.65,79.65,3081900,"49,900",-0.86,Negative,-1.61,Negative,-2.00,Negative
27/10/2015,COF,McLean,79.589996,78.940002,79.080002,79.330002,80.24,79.33,79.33,1954300,"49,900",0.25,Positive,1.14,Positive,0.74,Positive
28/10/2015,COF,McLean,81.190002,79.199997,79.339996,81.139999,80.67,81.14,81.14,2264200,"49,900",1.8,Positive,1.54,Positive,-0.57,Negative
29/10/2015,COF,McLean,81.410004,79.93,80.879997,80.199997,79.55,80.2,80.2,1989600,"49,900",-0.68,Negative,-0.33,Negative,-3.55,Negative
30/10/2015,COF,McLean,80.730003,78.82,80.550003,78.900002,79.56,78.9,78.9,2707000,"49,900",-1.65,Negative,-1.00,Negative,-1.18,Negative
2/11/2015,COF,McLean,80.5,79.220001,79.370003,80.220001,80.55,80.22,80.22,2281600,"49,900",0.85,Positive,2.05,Positive,-1.04,Negative
3/11/2015,COF,McLean,81.370003,79.75,79.760002,80.879997,80.72,80.88,80.88,1950900,"49,900",1.12,Positive,0.69,Positive,-2.90,Negative
4/11/2015,COF,McLean,81.190002,80.389999,80.830002,80.550003,80.05,80.55,80.55,2286300,"49,900",-0.28,Negative,-1.45,Negative,-5.41,Negative
5/11/2015,COF,McLean,80.82,79.540001,80.82,79.550003,80.49,79.55,79.55,3377200,"49,900",-1.27,Negative,-1.95,Negative,-5.21,Negative
6/11/2015,COF,McLean,81.620003,80.400002,81.230003,81.419998,80.93,81.42,81.42,3579200,"49,900",0.19,Positive,-3.85,Negative,-7.55,Negative
9/11/2015,COF,McLean,81.589996,80.110001,81.339996,80.449997,79.91,80.45,80.45,2590200,"49,900",-0.89,Negative,-4.37,Negative,-8.03,Negative
10/11/2015,COF,McLean,80.769997,79.370003,80.279999,79.379997,79.13,79.38,79.38,2801000,"49,900",-0.9,Negative,-2.38,Negative,-4.91,Negative
11/11/2015,COF,McLean,79.93,78.690002,79.760002,78.870003,78.13,78.87,78.87,2420500,"49,900",-0.89,Negative,-3.39,Negative,-3.40,Negative
12/11/2015,COF,McLean,78.330002,77.190002,78.330002,77.379997,77.17,77.38,77.38,3473100,"49,900",-0.95,Negative,-0.04,Negative,-3.95,Negative
13/11/2015,COF,McLean,77.860001,76.709999,77.139999,76.970001,77.44,76.97,76.97,2817700,"49,900",-0.17,Negative,2.44,Positive,-4.67,Negative
16/11/2015,COF,McLean,77.900002,76.68,76.949997,77.900002,77.14,77.9,77.9,2654000,"49,900",0.95,Positive,2.51,Positive,-4.37,Negative
17/11/2015,COF,McLean,77.849998,76.32,77.800003,76.370003,77.33,76.37,76.37,3353500,"49,900",-1.43,Negative,1.02,Positive,-5.03,Negative
18/11/2015,COF,McLean,78.309998,76.599998,76.949997,78.290001,78.94,78.29,78.29,3698500,"49,900",1.34,Positive,1.68,Positive,-3.26,Negative
19/11/2015,COF,McLean,79.980003,78.529999,78.529999,79.580002,79.52,79.58,79.58,3751800,"49,900",1.05,Positive,0.51,Positive,-5.01,Negative
20/11/2015,COF,McLean,80.169998,78.879997,80.07,79.459999,79.14,79.46,79.46,3013600,"49,900",-0.61,Negative,-1.07,Negative,-6.92,Negative
23/11/2015,COF,McLean,79.550003,78.790001,79.550003,78.82,78.72,78.82,78.82,1969900,"49,900",-0.73,Negative,-1.04,Negative,-5.76,Negative
24/11/2015,COF,McLean,79.019997,77.610001,78.099998,78.629997,78.83,78.63,78.63,2570300,"49,900",0.53,Positive,1.72,Positive,-4.89,Negative
25/11/2015,COF,McLean,79.160004,78.400002,78.849998,79.040001,79.02,79.04,79.04,1774900,"49,900",0.19,Positive,-0.08,Negative,-6.67,Negative
27/11/2015,COF,McLean,79.25,78.269997,78.980003,79,78.76,79,79,907800,"49,900",0.02,Positive,-1.65,Negative,-8.24,Negative
30/11/2015,COF,McLean,79.5,78.370003,79.080002,78.510002,79.17,78.51,78.51,2999700,"49,900",-0.57,Negative,0.29,Positive,-9.62,Negative
1/12/2015,COF,McLean,79.860001,78.760002,79.040001,79.82,79.29,79.82,79.82,2204900,"49,900",0.78,Positive,-0.71,Negative,-10.49,Negative
2/12/2015,COF,McLean,79.959999,78.650002,79.610001,78.769997,78.05,78.77,78.77,2570600,"49,900",-0.84,Negative,-2.75,Negative,-14.53,Negative
3/12/2015,COF,McLean,79.099998,77.050003,79.099998,77.330002,78.35,77.33,77.33,3035700,"49,900",-1.77,Negative,-3.68,Negative,-14.87,Negative
4/12/2015,COF,McLean,79.559998,77.400002,77.910004,79.370003,78.85,79.37,79.37,2665500,"49,900",1.46,Positive,-2.30,Negative,-13.15,Negative
7/12/2015,COF,McLean,79.059998,77.82,78.730003,78.330002,77.6,78.33,78.33,2262500,"49,900",-0.4,Negative,-5.05,Negative,-12.93,Negative
8/12/2015,COF,McLean,77.730003,76.540001,77.449997,76.860001,76.14,76.86,76.86,2630500,"49,900",-0.59,Negative,-4.14,Negative,-13.81,Negative
9/12/2015,COF,McLean,77.239998,74.879997,76.370003,75.419998,75.51,75.42,75.42,3517600,"49,900",-0.95,Negative,-1.00,Negative,-11.77,Negative
10/12/2015,COF,McLean,76.449997,75.18,75.389999,75.610001,74.65,75.61,75.61,2428700,"49,900",0.22,Positive,0.97,Positive,-12.54,Negative
11/12/2015,COF,McLean,74.550003,73.300003,74.290001,73.68,73.49,73.68,73.68,2915400,"49,900",-0.61,Negative,0.09,Positive,-12.10,Negative
14/12/2015,COF,McLean,74.68,72.489998,73.809998,73.309998,74.34,73.31,73.31,3433500,"49,900",-0.5,Negative,-1.34,Negative,-13.05,Negative
15/12/2015,COF,McLean,75.519997,74.080002,74.269997,75.370003,75.87,75.37,75.37,3039200,"49,900",1.1,Positive,-1.69,Negative,-13.09,Negative
16/12/2015,COF,McLean,76.550003,74.400002,76.190002,76.360001,75.37,76.36,76.36,4175800,"49,900",0.17,Positive,-3.42,Negative,-15.09,Negative
17/12/2015,COF,McLean,76.739998,74.279999,76.550003,74.379997,73.42,74.38,74.38,2890000,"49,900",-2.17,Negative,-2.86,Negative,-17.89,Negative
18/12/2015,COF,McLean,73.919998,72.32,73.919998,72.470001,72.53,72.47,72.47,5097500,"49,900",-1.45,Negative,-0.40,Negative,-13.54,Negative
21/12/2015,COF,McLean,73.5,71.949997,73.040001,72.580002,72.67,72.58,72.58,2503300,"49,900",-0.46,Negative,0.11,Positive,-9.74,Negative
22/12/2015,COF,McLean,73.010002,71.099998,72.620003,72.769997,73.23,72.77,72.77,3364400,"49,900",0.15,Positive,1.17,Positive,-9.63,Negative
23/12/2015,COF,McLean,73.919998,72.959999,73.169998,73.690002,73.6,73.69,73.69,2361100,"49,900",0.52,Positive,0.04,Positive,-7.55,Negative
24/12/2015,COF,McLean,73.900002,73.260002,73.68,73.519997,73.33,73.52,73.52,810700,"49,900",-0.16,Negative,-1.50,Negative,-8.67,Negative
28/12/2015,COF,McLean,73.419998,72.279999,73.150002,73.150002,73.47,73.15,73.15,1568600,"49,900",0,,-2.41,Negative,-9.94,Negative
29/12/2015,COF,McLean,73.989998,73.190002,73.599998,73.790001,73.5,73.79,73.79,1506200,"49,900",0.19,Positive,-4.14,Negative,-10.45,Negative
30/12/2015,COF,McLean,73.800003,73.160004,73.620003,73.209999,72.69,73.21,73.21,1414600,"49,900",-0.41,Negative,-5.07,Negative,-9.89,Negative
31/12/2015,COF,McLean,73.260002,72.160004,72.709999,72.18,71.46,72.18,72.18,1722100,"49,900",-0.53,Negative,-7.63,Negative,-9.35,Negative
4/1/2016,COF,McLean,70.910004,69.860001,70.769997,70.739998,70.1,70.74,70.74,3636200,"49,900",-0.03,Negative,-6.54,Negative,-9.88,Negative
5/1/2016,COF,McLean,70.550003,68.699997,69.43,69.459999,69.01,69.46,69.46,5216200,"49,900",0.03,Positive,-4.67,Negative,-7.01,Negative
6/1/2016,COF,McLean,69.690002,67.980003,68.550003,68.550003,66.82,68.55,68.55,4223300,"49,900",0,,-2.75,Negative,-6.31,Negative
7/1/2016,COF,McLean,67,64.849998,66.339996,65.080002,64.66,65.08,65.08,5638300,"49,900",-1.26,Negative,-2.70,Negative,-6.19,Negative
8/1/2016,COF,McLean,65.889999,64.07,65.75,64.230003,64.5,64.23,64.23,4731700,"49,900",-1.52,Negative,-1.15,Negative,-3.21,Negative
11/1/2016,COF,McLean,65.540001,64,64.82,64.760002,65.28,64.76,64.76,3400600,"49,900",-0.06,Negative,-1.97,Negative,-0.61,Negative
12/1/2016,COF,McLean,65.970001,64.68,65.559998,65.800003,64.72,65.8,65.8,3680300,"49,900",0.24,Positive,-3.37,Negative,-0.38,Negative
13/01/2016,COF,McLean,66.660004,63.41,66.279999,63.639999,64.12,63.64,63.64,5406000,"49,900",-2.64,Negative,-5.52,Negative,-0.35,Negative
14/01/2016,COF,McLean,65.110001,62.509998,64.010002,64.599998,63.72,64.6,64.6,4573000,"49,900",0.59,Positive,-2.83,Negative,1.72,Positive
15/01/2016,COF,McLean,63.459999,61.84,62,62.849998,62.52,62.85,62.85,4827300,"49,900",0.85,Positive,-0.90,Negative,5.76,Positive
19/01/2016,COF,McLean,63.700001,61.509998,63.689999,62.189999,61.47,62.19,62.19,3464500,"49,900",-1.5,Negative,-5.03,Negative,2.03,Positive
20/01/2016,COF,McLean,61.369999,58.919998,60.799999,60.759998,60.97,60.76,60.76,5328000,"49,900",-0.04,Negative,-0.42,Negative,4.61,Positive
21/01/2016,COF,McLean,62.299999,60.509998,60.849998,61.18,61.14,61.18,61.18,3747300,"49,900",0.33,Positive,2.45,Positive,5.57,Positive
22/01/2016,COF,McLean,62.599998,60.52,62.150002,61.099998,59.88,61.1,61.1,4148100,"49,900",-1.05,Negative,0.84,Positive,5.05,Positive
25/01/2016,COF,McLean,61.009998,58.490002,60.689999,58.66,59.52,58.66,58.66,5711500,"49,900",-2.03,Negative,4.93,Positive,5.04,Positive
26/01/2016,COF,McLean,60.5,59.099998,59.099998,60.380001,61.84,60.38,60.38,5610600,"49,900",1.28,Positive,5.91,Positive,8.89,Positive
27/01/2016,COF,McLean,64.589996,61.259998,61.299999,63.299999,63.15,63.3,63.3,8544900,"49,900",2,Positive,1.91,Positive,7.84,Positive
28/01/2016,COF,McLean,63.790001,62.119999,63.790001,62.990002,64.31,62.99,62.99,6491500,"49,900",-0.8,Negative,-0.64,Negative,5.87,Positive
29/01/2016,COF,McLean,65.699997,63.279999,63.490002,65.620003,65.32,65.62,65.62,6380200,"49,900",2.13,Positive,0.24,Positive,6.10,Positive
1/2/2016,COF,McLean,65.449997,63.790001,65,65.010002,64.11,65.01,65.01,4319500,"49,900",0.01,Positive,-1.64,Negative,4.52,Positive
2/2/2016,COF,McLean,63.860001,62.82,63.830002,63.209999,63.18,63.21,63.21,5195700,"49,900",-0.62,Negative,-2.94,Negative,4.66,Positive
3/2/2016,COF,McLean,64.010002,59.860001,63.66,63.150002,63.44,63.15,63.15,6036600,"49,900",-0.51,Negative,-1.24,Negative,5.04,Positive
4/2/2016,COF,McLean,64.360001,62.84,63,63.73,63.55,63.73,63.73,4299300,"49,900",0.73,Positive,-0.76,Negative,6.23,Positive
5/2/2016,COF,McLean,64.629997,62.639999,63.919998,63.360001,62.13,63.36,63.36,3507800,"49,900",-0.56,Negative,-3.77,Negative,7.11,Positive
8/2/2016,COF,McLean,62.450001,60.099998,62.330002,60.889999,61.65,60.89,60.89,3878300,"49,900",-1.44,Negative,0.21,Positive,7.60,Positive
9/2/2016,COF,McLean,62.93,59.75,60.040001,62.419998,62.33,62.42,62.42,4271300,"49,900",2.38,Positive,4.17,Positive,9.28,Positive
10/2/2016,COF,McLean,64.120003,62.18,62.919998,62.240002,61.2,62.24,62.24,3186400,"49,900",-0.68,Negative,2.26,Positive,6.46,Positive
11/2/2016,COF,McLean,60.880001,58.740002,59.709999,60.150002,61.35,60.15,60.15,4823200,"49,900",0.44,Positive,6.22,Positive,9.79,Positive
12/2/2016,COF,McLean,62.84,60.619999,61.209999,62.540001,63.38,62.54,62.54,5528000,"49,900",1.33,Positive,4.52,Positive,9.36,Positive
16/02/2016,COF,McLean,65.129997,63.080002,63.709999,64.209999,64.69,64.21,64.21,4309000,"49,900",0.5,Positive,4.05,Positive,7.10,Positive
17/02/2016,COF,McLean,66.050003,64.870003,64.959999,65.18,65.56,65.18,65.18,3806000,"49,900",0.22,Positive,0.76,Positive,5.50,Positive
18/02/2016,COF,McLean,66.68,65.18,65.480003,65.93,65.83,65.93,65.93,4272100,"49,900",0.45,Positive,-0.07,Negative,4.73,Positive
19/02/2016,COF,McLean,65.879997,64.760002,65.5,65.730003,66.75,65.73,65.73,2456700,"49,900",0.23,Positive,0.92,Positive,4.26,Positive
22/02/2016,COF,McLean,67.790001,66.400002,66.440002,67.760002,66.74,67.76,67.76,3007600,"49,900",1.32,Positive,0.76,Positive,2.76,Positive
23/02/2016,COF,McLean,67.610001,65.32,67.610001,65.720001,65.57,65.72,65.72,3487000,"49,900",-1.89,Negative,-1.88,Negative,1.24,Positive
24/02/2016,COF,McLean,65.639999,63.450001,64.769997,65.410004,65.92,65.41,65.41,2894800,"49,900",0.64,Positive,3.22,Positive,4.38,Positive
25/02/2016,COF,McLean,66.419998,64.870003,65.760002,66.419998,66.81,66.42,66.42,2624500,"49,900",0.66,Positive,3.38,Positive,3.55,Positive
26/02/2016,COF,McLean,68.190002,66.639999,66.730003,67.199997,66.47,67.2,67.2,3105800,"49,900",0.47,Positive,2.93,Positive,4.07,Positive
29/02/2016,COF,McLean,67.18,65.699997,66.93,65.730003,66.86,65.73,65.73,3404300,"49,900",-1.2,Negative,2.66,Positive,2.90,Positive
1/3/2016,COF,McLean,68,66.150002,66.669998,67.989998,68.56,67.99,67.99,4131800,"49,900",1.32,Positive,2.85,Positive,1.86,Positive
2/3/2016,COF,McLean,69.139999,67.739998,68.019997,69.139999,69.4,69.14,69.14,2397500,"49,900",1.12,Positive,0.47,Positive,0.25,Positive
3/3/2016,COF,McLean,69.660004,68.690002,68.970001,69.660004,69.63,69.66,69.66,2442200,"49,900",0.69,Positive,-0.27,Negative,-2.39,Negative
4/3/2016,COF,McLean,70.389999,68.959999,69.809998,69.589996,69.55,69.59,69.59,2939300,"49,900",-0.22,Negative,-0.58,Negative,-3.14,Negative
7/3/2016,COF,McLean,69.620003,68.779999,68.940002,69.519997,69,69.52,69.52,2002700,"49,900",0.58,Positive,2.09,Positive,-1.74,Negative
8/3/2016,COF,McLean,69.169998,68.010002,68.849998,68.489998,68.59,68.49,68.49,2713800,"49,900",-0.36,Negative,1.08,Positive,-0.54,Negative
9/3/2016,COF,McLean,69.300003,68.25,69.040001,68.699997,68.97,68.7,68.7,2508100,"49,900",-0.34,Negative,0.28,Positive,1.80,Positive
10/3/2016,COF,McLean,70,68.120003,69.18,69.230003,70.13,69.23,69.23,2155600,"49,900",0.05,Positive,0.20,Positive,2.29,Positive
11/3/2016,COF,McLean,71.120003,70.010002,70.190002,71.029999,70.48,71.03,71.03,2358000,"49,900",0.84,Positive,-0.69,Negative,1.15,Positive
14/03/2016,COF,McLean,71.010002,69.730003,70.779999,69.93,69.63,69.93,69.93,2550400,"49,900",-0.85,Negative,-0.21,Negative,0.88,Positive
15/03/2016,COF,McLean,69.32,68.309998,69.290001,69.32,69.35,69.32,69.32,3395800,"49,900",0.03,Positive,1.52,Positive,3.51,Positive
16/03/2016,COF,McLean,70.080002,68.849998,69.209999,69.379997,69.44,69.38,69.38,3274100,"49,900",0.17,Positive,1.25,Positive,6.22,Positive
17/03/2016,COF,McLean,70.059998,68.589996,69.050003,69.5,70.04,69.5,69.5,4067500,"49,900",0.45,Positive,1.16,Positive,5.68,Positive
18/03/2016,COF,McLean,71.120003,69.529999,69.82,70.57,70.69,70.57,70.57,5089800,"49,900",0.75,Positive,-0.06,Negative,5.74,Positive
21/03/2016,COF,McLean,71.389999,70.080002,70.309998,70.809998,70.63,70.81,70.81,2381000,"49,900",0.5,Positive,-1.11,Negative,4.68,Positive
22/03/2016,COF,McLean,70.779999,69.949997,70.279999,70.459999,70.33,70.46,70.46,1904900,"49,900",0.18,Positive,-1.43,Negative,5.68,Positive
23/03/2016,COF,McLean,70.769997,70,70.519997,70.209999,69.99,70.21,70.21,2603800,"49,900",-0.31,Negative,-1.37,Negative,3.79,Positive
24/03/2016,COF,McLean,69.779999,68.879997,69.440002,69.760002,69.48,69.76,69.76,2090100,"49,900",0.32,Positive,-0.13,Negative,3.93,Positive
28/03/2016,COF,McLean,69.970001,68.959999,69.809998,69.199997,69.02,69.2,69.2,1884400,"49,900",-0.61,Negative,0.99,Positive,2.58,Positive
29/03/2016,COF,McLean,68.959999,67.580002,68.830002,68.849998,69,68.85,68.85,4405600,"49,900",0.02,Positive,1.00,Positive,4.75,Positive
30/03/2016,COF,McLean,70,69.040001,69.300003,69.150002,69.23,69.15,69.15,2050000,"49,900",-0.15,Negative,-0.77,Negative,2.67,Positive
31/03/2016,COF,McLean,69.790001,68.980003,69.150002,69.309998,70.06,69.31,69.31,3222700,"49,900",0.16,Positive,-0.88,Negative,0.53,Positive
1/4/2016,COF,McLean,70.970001,69.260002,69.730003,70.800003,70.32,70.8,70.8,2894900,"49,900",1.07,Positive,-3.15,Negative,-0.61,Negative
4/4/2016,COF,McLean,70.889999,69.720001,70.589996,69.830002,69.18,69.83,69.83,1617400,"49,900",-0.76,Negative,-3.92,Negative,-1.20,Negative
5/4/2016,COF,McLean,68.949997,67.790001,68.099998,68.529999,68.4,68.53,68.53,3455200,"49,900",0.43,Positive,-0.90,Negative,1.50,Positive
6/4/2016,COF,McLean,68.419998,67.199997,68.010002,68.269997,67.42,68.27,68.27,3079800,"49,900",0.26,Positive,0.30,Positive,3.13,Positive
7/4/2016,COF,McLean,67.980003,66.099998,67.660004,66.580002,66.63,66.58,66.58,2842900,"49,900",-1.08,Negative,3.18,Positive,2.69,Positive
8/4/2016,COF,McLean,67.720001,66.410004,67.029999,66.669998,66.93,66.67,66.67,2259300,"49,900",-0.36,Negative,4.44,Positive,2.33,Positive
11/4/2016,COF,McLean,67.699997,66.730003,66.830002,67.199997,67.75,67.2,67.2,3626200,"49,900",0.37,Positive,4.51,Positive,1.88,Positive
12/4/2016,COF,McLean,68.459999,67.410004,67.550003,68.309998,69.57,68.31,68.31,2594100,"49,900",0.76,Positive,4.11,Positive,1.73,Positive
13/04/2016,COF,McLean,70.870003,68.980003,69,70.839996,71.15,70.84,70.84,3366100,"49,900",1.84,Positive,3.80,Positive,-0.17,Negative
14/04/2016,COF,McLean,72.18,70.480003,70.660004,71.470001,71.4,71.47,71.47,2866100,"49,900",0.81,Positive,4.77,Positive,0.32,Positive
15/04/2016,COF,McLean,72.239998,71.050003,71.720001,71.339996,71.5,71.34,71.34,2862500,"49,900",-0.38,Negative,3.01,Positive,-1.19,Negative
18/04/2016,COF,McLean,71.900002,70.550003,70.889999,71.660004,72.23,71.66,71.66,1764400,"49,900",0.77,Positive,4.67,Positive,0.04,Positive
19/04/2016,COF,McLean,72.889999,71.459999,71.959999,72.800003,74.12,72.8,72.8,2349100,"49,900",0.84,Positive,3.03,Positive,-1.31,Negative
20/04/2016,COF,McLean,75.550003,73.309998,73.349998,75.43,75.08,75.43,75.43,4921500,"49,900",2.08,Positive,2.61,Positive,-1.73,Negative
21/04/2016,COF,McLean,76.300003,74.690002,75.25,74.730003,75.15,74.73,74.73,2962000,"49,900",-0.52,Negative,-0.94,Negative,-1.98,Negative
22/04/2016,COF,McLean,75.730003,74.480003,74.5,75.559998,75.27,75.56,75.56,1783000,"49,900",1.06,Positive,-1.13,Negative,-1.94,Negative
25/04/2016,COF,McLean,75.470001,74.480003,75.080002,74.989998,75.47,74.99,74.99,2478000,"49,900",-0.09,Negative,-2.69,Negative,-1.25,Negative
26/04/2016,COF,McLean,76,74.629997,75.029999,75.959999,75.13,75.96,75.96,2686100,"49,900",0.93,Positive,-1.45,Negative,-1.79,Negative
27/04/2016,COF,McLean,74.5,72.82,73.129997,74.309998,73.84,74.31,74.31,6388700,"49,900",1.18,Positive,-1.16,Negative,0.09,Positive
28/04/2016,COF,McLean,74.260002,72.989998,73.559998,73.370003,72.88,73.37,73.37,2641800,"49,900",-0.19,Negative,-3.88,Negative,-0.18,Negative
29/04/2016,COF,McLean,73.290001,71.870003,72.989998,72.389999,72.99,72.39,72.39,2966500,"49,900",-0.6,Negative,-3.87,Negative,-1.39,Negative
2/5/2016,COF,McLean,73.730003,72,72.870003,73.580002,72.78,73.58,73.58,2721000,"49,900",0.71,Positive,-3.48,Negative,-0.02,Negative
3/5/2016,COF,McLean,72.709999,71.440002,72.559998,71.970001,70.83,71.97,71.97,2184500,"49,900",-0.59,Negative,-2.96,Negative,-0.21,Negative
4/5/2016,COF,McLean,71.169998,69.269997,71.160004,69.68,69.4,69.68,69.68,4057500,"49,900",-1.48,Negative,-0.02,Negative,0.94,Positive
5/5/2016,COF,McLean,70.330002,68.610001,69.93,69.120003,69.26,69.12,69.12,5345400,"49,900",-0.81,Negative,0.42,Positive,0.94,Positive
6/5/2016,COF,McLean,69.43,68.43,68.800003,69.389999,69.49,69.39,69.39,3442600,"49,900",0.59,Positive,0.56,Positive,1.24,Positive
9/5/2016,COF,McLean,70.370003,69.25,70.309998,69.599998,70.37,69.6,69.6,2788900,"49,900",-0.71,Negative,-1.60,Negative,-1.31,Negative
10/5/2016,COF,McLean,71.279999,69.959999,70.010002,71.139999,70.74,71.14,71.14,2650200,"49,900",1.13,Positive,-0.73,Negative,-5.58,Negative
11/5/2016,COF,McLean,71.449997,70.349998,70.830002,70.349998,69.85,70.35,70.35,2411900,"49,900",-0.48,Negative,-2.00,Negative,-6.19,Negative
12/5/2016,COF,McLean,70.730003,68.839996,70.169998,69.360001,69.04,69.36,69.36,2109900,"49,900",-0.81,Negative,0.81,Positive,-5.92,Negative
13/05/2016,COF,McLean,69.959999,68.330002,69.150002,68.709999,68.99,68.71,68.71,2459700,"49,900",-0.44,Negative,1.38,Positive,-4.96,Negative
16/05/2016,COF,McLean,69.660004,68.379997,68.529999,69.279999,69.06,69.28,69.28,2678700,"49,900",0.75,Positive,2.40,Positive,-4.25,Negative
17/05/2016,COF,McLean,69.669998,68.410004,68.879997,68.830002,69.91,68.83,68.83,2679000,"49,900",-0.05,Negative,1.77,Positive,-4.63,Negative
18/05/2016,COF,McLean,71.010002,68.660004,68.830002,70.980003,70.76,70.98,70.98,4339200,"49,900",2.15,Positive,2.79,Positive,-4.90,Negative
19/05/2016,COF,McLean,71.790001,69.879997,70.379997,70.529999,70.73,70.53,70.53,3460700,"49,900",0.15,Positive,2.89,Positive,-4.78,Negative
20/05/2016,COF,McLean,71.57,70.459999,70.760002,70.93,70.79,70.93,70.93,2052300,"49,900",0.17,Positive,1.80,Positive,-8.88,Negative
23/05/2016,COF,McLean,71.489998,70.419998,70.82,70.650002,71.14,70.65,70.65,1888200,"49,900",-0.17,Negative,3.01,Positive,-12.67,Negative
24/05/2016,COF,McLean,71.849998,69.599998,70.910004,71.620003,72.45,71.62,71.62,2046000,"49,900",0.71,Positive,2.33,Positive,-11.25,Negative
25/05/2016,COF,McLean,73.529999,71.849998,72.040001,73.269997,72.91,73.27,73.27,2767100,"49,900",1.23,Positive,1.18,Positive,-10.12,Negative
26/05/2016,COF,McLean,73.160004,72.269997,73.029999,72.559998,73.2,72.56,72.56,1617300,"49,900",-0.47,Negative,0.35,Positive,-9.52,Negative
27/05/2016,COF,McLean,73.830002,72.330002,72.879997,73.830002,73.54,73.83,73.83,2811300,"49,900",0.95,Positive,-1.28,Negative,-9.92,Negative
31/05/2016,COF,McLean,74.349998,72.830002,74.190002,73.239998,73.23,73.24,73.24,2363400,"49,900",-0.95,Negative,-1.34,Negative,-13.33,Negative
1/6/2016,COF,McLean,73.32,71.839996,72.510002,73.220001,73.3,73.22,73.22,1594400,"49,900",0.71,Positive,-0.16,Negative,-11.23,Negative
2/6/2016,COF,McLean,73.379997,72.620003,73.190002,73.379997,72.49,73.38,73.38,1495800,"49,900",0.19,Positive,-1.09,Negative,-11.30,Negative
3/6/2016,COF,McLean,72.379997,70.470001,72.279999,71.599998,72.22,71.6,71.6,3478300,"49,900",-0.68,Negative,-1.41,Negative,-7.57,Negative
6/6/2016,COF,McLean,73.330002,71.389999,71.660004,72.849998,72.6,72.85,72.85,2422700,"49,900",1.19,Positive,-1.62,Negative,-5.40,Negative
7/6/2016,COF,McLean,73.059998,72.32,73,72.349998,72.22,72.35,72.35,2249700,"49,900",-0.65,Negative,-4.00,Negative,-5.15,Negative
8/6/2016,COF,McLean,72.559998,71.43,71.75,72.099998,71.49,72.1,72.1,3190400,"49,900",0.35,Positive,-7.32,Negative,-3.81,Negative
9/6/2016,COF,McLean,71.459999,70.139999,71.449997,70.870003,70.46,70.87,70.87,2749900,"49,900",-0.58,Negative,-6.81,Negative,-2.60,Negative
10/6/2016,COF,McLean,70.550003,69.790001,70.300003,70.040001,69.52,70.04,70.04,2506000,"49,900",-0.26,Negative,-6.05,Negative,-2.15,Negative
13/06/2016,COF,McLean,70.419998,68.959999,69.459999,69,66.72,69,69,2494300,"49,900",-0.46,Negative,-5.27,Negative,-1.34,Negative
14/06/2016,COF,McLean,68.519997,63.759998,68.519997,64.43,64.53,64.43,64.43,14942400,"49,900",-4.09,Negative,-4.24,Negative,-0.79,Negative
15/06/2016,COF,McLean,66.230003,64.470001,65.43,64.639999,64.44,64.64,64.64,9490900,"49,900",-0.79,Negative,-1.18,Negative,2.18,Positive
16/06/2016,COF,McLean,64.449997,62.73,64.099998,64.25,64.22,64.25,64.25,5296300,"49,900",0.15,Positive,-0.17,Negative,3.89,Positive
17/06/2016,COF,McLean,64.800003,63.810001,64.290001,64.190002,64.24,64.19,64.19,6191200,"49,900",-0.1,Negative,1.31,Positive,2.74,Positive
20/06/2016,COF,McLean,65.949997,64.169998,65.790001,64.279999,64.26,64.28,64.28,5160200,"49,900",-1.51,Negative,-3.91,Negative,1.55,Positive
21/06/2016,COF,McLean,64.989998,63.549999,64.919998,64.25,64.09,64.25,64.25,4496000,"49,900",-0.67,Negative,-6.77,Negative,2.77,Positive
22/06/2016,COF,McLean,64.839996,63.889999,64.300003,63.93,64.76,63.93,63.93,2670200,"49,900",-0.37,Negative,-4.64,Negative,3.61,Positive
23/06/2016,COF,McLean,65.650002,64.559998,64.769997,65.599998,63.74,65.6,65.6,2948300,"49,900",0.83,Positive,-2.85,Negative,2.71,Positive
24/06/2016,COF,McLean,64.279999,61.75,62.549999,61.880001,60.02,61.88,61.88,8115300,"49,900",-0.67,Negative,0.96,Positive,4.53,Positive
27/06/2016,COF,McLean,60.84,58.029999,60.84,58.150002,58.91,58.15,58.15,8924600,"49,900",-2.69,Negative,2.12,Positive,6.19,Positive
28/06/2016,COF,McLean,59.77,58.66,59.25,59.66,60.79,59.66,59.66,6530600,"49,900",0.41,Positive,1.61,Positive,7.05,Positive
29/06/2016,COF,McLean,61.970001,60.209999,60.57,61.919998,62.71,61.92,61.92,4470700,"49,900",1.35,Positive,0.71,Positive,5.98,Positive
30/06/2016,COF,McLean,63.529999,61.419998,62.419998,63.509998,63.23,63.51,63.51,6389700,"49,900",1.09,Positive,-0.53,Negative,3.78,Positive
1/7/2016,COF,McLean,63.560001,62.73,63.48,62.959999,61.91,62.96,62.96,3152500,"49,900",-0.52,Negative,1.23,Positive,4.62,Positive
5/7/2016,COF,McLean,62.360001,60.650002,62.139999,60.860001,61.07,60.86,60.86,3331300,"49,900",-1.28,Negative,4.12,Positive,6.03,Positive
6/7/2016,COF,McLean,61.299999,59.66,60.25,61.279999,61.58,61.28,61.28,2840200,"49,900",1.03,Positive,7.60,Positive,7.53,Positive
7/7/2016,COF,McLean,62.549999,61.200001,61.200001,61.889999,63.3,61.89,61.89,4641300,"49,900",0.69,Positive,6.74,Positive,5.65,Positive
8/7/2016,COF,McLean,64.940002,63.130001,63.549999,64.709999,65.49,64.71,64.71,4949000,"49,900",1.16,Positive,5.30,Positive,4.39,Positive
11/7/2016,COF,McLean,66.379997,65.059998,65.18,66.260002,67.06,66.26,66.26,4910200,"49,900",1.08,Positive,2.97,Positive,2.82,Positive
12/7/2016,COF,McLean,68.110001,66.989998,67.029999,67.849998,67.9,67.85,67.85,4975400,"49,900",0.82,Positive,1.09,Positive,1.58,Positive
13/07/2016,COF,McLean,68.230003,66.949997,67.739998,67.940002,68.4,67.94,67.94,3611400,"49,900",0.2,Positive,-0.01,Negative,0.88,Positive
14/07/2016,COF,McLean,69.5,68.129997,69.309998,68.849998,68.5,68.85,68.85,3284800,"49,900",-0.46,Negative,-1.70,Negative,-1.02,Negative
15/07/2016,COF,McLean,69.18,67.720001,69.089996,68.150002,68.14,68.15,68.15,5763900,"49,900",-0.94,Negative,-1.10,Negative,-0.88,Negative
18/07/2016,COF,McLean,68.540001,67.82,68.449997,68.120003,67.93,68.12,68.12,2240300,"49,900",-0.33,Negative,-1.42,Negative,0.11,Positive
19/07/2016,COF,McLean,68.110001,67.510002,67.970001,67.730003,67.67,67.73,67.73,2136000,"49,900",-0.24,Negative,-0.63,Negative,0.71,Positive
20/07/2016,COF,McLean,68.169998,67.160004,68.040001,67.610001,67.8,67.61,67.61,2895300,"49,900",-0.43,Negative,-0.35,Negative,0.75,Positive
21/07/2016,COF,McLean,68.470001,67.239998,67.440002,67.989998,67.51,67.99,67.99,3503100,"49,900",0.55,Positive,0.47,Positive,1.18,Positive
22/07/2016,COF,McLean,67.330002,65,66.5,67.029999,67.18,67.03,67.03,8632900,"49,900",0.53,Positive,0.98,Positive,2.27,Positive
25/07/2016,COF,McLean,67.870003,66.75,66.860001,67.339996,67.51,67.34,67.34,4373700,"49,900",0.48,Positive,0.22,Positive,2.30,Positive
26/07/2016,COF,McLean,67.980003,66.919998,67.300003,67.690002,67.8,67.69,67.69,2997700,"49,900",0.39,Positive,-0.27,Negative,2.33,Positive
27/07/2016,COF,McLean,68.489998,67.370003,67.529999,67.910004,67.7,67.91,67.91,3109200,"49,900",0.38,Positive,-1.23,Negative,2.80,Positive
28/07/2016,COF,McLean,67.75,66.779999,67.489998,67.480003,67.28,67.48,67.48,3079700,"49,900",-0.01,Negative,-0.94,Negative,4.11,Positive
29/07/2016,COF,McLean,67.720001,67.040001,67.190002,67.080002,67.06,67.08,67.08,3632600,"49,900",-0.11,Negative,-0.99,Negative,3.89,Positive
1/8/2016,COF,McLean,67.529999,66.68,67.279999,67.029999,66.67,67.03,67.03,3418500,"49,900",-0.25,Negative,0.82,Positive,4.36,Positive
2/8/2016,COF,McLean,67.089996,66,66.900002,66.300003,66.43,66.3,66.3,4409200,"49,900",-0.6,Negative,1.27,Positive,4.09,Positive
3/8/2016,COF,McLean,66.980003,66,66.150002,66.550003,66.38,66.55,66.55,3965400,"49,900",0.4,Positive,1.63,Positive,5.62,Positive
4/8/2016,COF,McLean,66.650002,66.080002,66.220001,66.199997,67.15,66.2,66.2,2196400,"49,900",-0.02,Negative,0.63,Positive,6.06,Positive
5/8/2016,COF,McLean,68.349998,67.099998,67.099998,68.099998,68.13,68.1,68.1,3695900,"49,900",1,Positive,0.84,Positive,4.55,Positive
8/8/2016,COF,McLean,68.830002,67.949997,68.230003,68.169998,67.97,68.17,68.17,1749800,"49,900",-0.06,Negative,-0.23,Negative,4.27,Positive
9/8/2016,COF,McLean,68.199997,67.559998,68.129997,67.779999,67.31,67.78,67.78,1793500,"49,900",-0.35,Negative,0.48,Positive,3.09,Positive
10/8/2016,COF,McLean,67.830002,66.610001,67.739998,66.849998,67.4,66.85,66.85,2348300,"49,900",-0.89,Negative,0.88,Positive,2.85,Positive
11/8/2016,COF,McLean,68.019997,66.809998,67.040001,67.940002,67.97,67.94,67.94,2653300,"49,900",0.9,Positive,1.25,Positive,3.95,Positive
12/8/2016,COF,McLean,68.059998,67.18,67.470001,68,68.31,68,68,2098800,"49,900",0.53,Positive,0.74,Positive,2.74,Positive
15/08/2016,COF,McLean,68.910004,68.019997,68.019997,68.610001,68.62,68.61,68.61,2741700,"49,900",0.59,Positive,0.54,Positive,2.96,Positive
16/08/2016,COF,McLean,68.959999,68.199997,68.269997,68.620003,68.46,68.62,68.62,2657300,"49,900",0.35,Positive,0.41,Positive,2.29,Positive
17/08/2016,COF,McLean,68.660004,67.970001,68.5,68.290001,68.25,68.29,68.29,2810200,"49,900",-0.21,Negative,0.29,Positive,3.18,Positive
18/08/2016,COF,McLean,68.580002,68.110001,68.290001,68.209999,68.38,68.21,68.21,2443600,"49,900",-0.08,Negative,0.33,Positive,3.85,Positive
19/08/2016,COF,McLean,68.68,67.989998,68.040001,68.559998,68.62,68.56,68.56,2473500,"49,900",0.52,Positive,0.73,Positive,3.24,Positive
22/08/2016,COF,McLean,68.809998,68.080002,68.529999,68.68,68.74,68.68,68.68,1878200,"49,900",0.15,Positive,0.63,Positive,2.28,Positive
23/08/2016,COF,McLean,69.32,68.790001,68.93,68.790001,68.71,68.79,68.79,1867800,"49,900",-0.14,Negative,0.70,Positive,2.87,Positive
24/08/2016,COF,McLean,69.330002,68.470001,68.860001,68.620003,68.7,68.62,68.62,2025600,"49,900",-0.24,Negative,1.47,Positive,2.89,Positive
25/08/2016,COF,McLean,69.099998,68.269997,68.349998,68.769997,68.97,68.77,68.77,1732500,"49,900",0.42,Positive,3.25,Positive,2.01,Positive
26/08/2016,COF,McLean,69.639999,68.75,69,69.160004,69.4,69.16,69.16,2191900,"49,900",0.16,Positive,2.08,Positive,2.83,Positive
29/08/2016,COF,McLean,70.059998,68.889999,69.129997,69.629997,69.98,69.63,69.63,3004200,"49,900",0.5,Positive,2.51,Positive,3.00,Positive
30/08/2016,COF,McLean,70.610001,69.629997,69.629997,70.330002,70.97,70.33,70.33,3091200,"49,900",0.7,Positive,1.36,Positive,3.13,Positive
31/08/2016,COF,McLean,71.720001,70.389999,70.389999,71.599998,71.34,71.6,71.6,6129400,"49,900",1.21,Positive,1.38,Positive,3.31,Positive
1/9/2016,COF,McLean,72.089996,70.18,71.599998,71.080002,71.36,71.08,71.08,5574100,"49,900",-0.52,Negative,0.68,Positive,1.44,Positive
2/9/2016,COF,McLean,71.919998,70.870003,71.239998,71.639999,71.31,71.64,71.64,2448200,"49,900",0.4,Positive,0.41,Positive,1.81,Positive
6/9/2016,COF,McLean,71.660004,70.540001,71.610001,70.989998,71.38,70.99,70.99,2561400,"49,900",-0.62,Negative,0.89,Positive,1.72,Positive
7/9/2016,COF,McLean,71.800003,70.440002,70.610001,71.769997,72.02,71.77,71.77,2523100,"49,900",1.16,Positive,0.61,Positive,1.55,Positive
8/9/2016,COF,McLean,72.43,71.489998,71.629997,72.279999,71.97,72.28,72.28,2628000,"49,900",0.65,Positive,-1.04,Negative,0.43,Positive
9/9/2016,COF,McLean,72.349998,71.610001,72.019997,71.650002,72.08,71.65,71.65,4064000,"49,900",-0.37,Negative,-1.03,Negative,-0.95,Negative
12/9/2016,COF,McLean,72.769997,70.440002,71.120003,72.5,71.86,72.5,72.5,3288800,"49,900",1.38,Positive,-0.91,Negative,0.41,Positive
13/09/2016,COF,McLean,71.959999,70.540001,71.510002,71.220001,70.9,71.22,71.22,3504000,"49,900",-0.29,Negative,-0.53,Negative,0.27,Positive
14/09/2016,COF,McLean,71.309998,70.279999,71.099998,70.589996,70.79,70.59,70.59,2776600,"49,900",-0.51,Negative,-0.54,Negative,0.89,Positive
15/09/2016,COF,McLean,71.110001,69.690002,70.480003,70.989998,70.6,70.99,70.99,3086100,"49,900",0.51,Positive,1.20,Positive,3.14,Positive
16/09/2016,COF,McLean,70.610001,69.779999,70.540001,70.209999,70.6,70.21,70.21,3214900,"49,900",-0.33,Negative,1.60,Positive,3.97,Positive
19/09/2016,COF,McLean,71.330002,70.419998,70.559998,70.980003,70.77,70.98,70.98,3154500,"49,900",0.42,Positive,0.72,Positive,4.33,Positive
20/09/2016,COF,McLean,71.699997,70.379997,71.449997,70.559998,71.12,70.56,70.56,2514900,"49,900",-0.89,Negative,-0.64,Negative,3.95,Positive
21/09/2016,COF,McLean,71.779999,70.57,70.769997,71.68,71.91,71.68,71.68,4076400,"49,900",0.91,Positive,1.03,Positive,4.62,Positive
22/09/2016,COF,McLean,72.220001,71.660004,71.769997,72.139999,71.71,72.14,72.14,3290800,"49,900",0.37,Positive,-0.02,Negative,3.66,Positive
23/09/2016,COF,McLean,72.25,71.25,71.739998,71.279999,71.04,71.28,71.28,3099400,"49,900",-0.46,Negative,-1.38,Negative,3.06,Positive
26/09/2016,COF,McLean,71.650002,70.599998,71.230003,70.809998,71.31,70.81,70.81,3075300,"49,900",-0.42,Negative,0.60,Positive,3.40,Positive
27/09/2016,COF,McLean,71.830002,70.150002,70.480003,71.800003,71.78,71.8,71.8,2405500,"49,900",1.32,Positive,1.65,Positive,3.56,Positive
28/09/2016,COF,McLean,72.089996,70.809998,71.779999,71.75,71.06,71.75,71.75,2498600,"49,900",-0.03,Negative,0.98,Positive,1.45,Positive
29/09/2016,COF,McLean,72,69.489998,71.620003,70.360001,71.1,70.36,70.36,3169000,"49,900",-1.26,Negative,2.08,Positive,0.99,Positive
30/09/2016,COF,McLean,72.190002,70.629997,70.870003,71.830002,71.98,71.83,71.83,3198800,"49,900",0.96,Positive,2.17,Positive,1.45,Positive
3/10/2016,COF,McLean,72.68,71.559998,71.599998,72.129997,72.44,72.13,72.13,3557400,"49,900",0.53,Positive,1.45,Positive,1.50,Positive
4/10/2016,COF,McLean,73.230003,72.260002,72.459999,72.760002,73.23,72.76,72.76,4098400,"49,900",0.3,Positive,0.87,Positive,2.38,Positive
5/10/2016,COF,McLean,74.07,73.010002,73.010002,73.699997,73.37,73.7,73.7,3126200,"49,900",0.69,Positive,-0.85,Negative,-0.17,Negative
6/10/2016,COF,McLean,73.75,72.389999,73.629997,73.040001,73.05,73.04,73.04,3262300,"49,900",-0.59,Negative,-1.57,Negative,2.67,Positive
7/10/2016,COF,McLean,73.709999,72.690002,73.139999,73.050003,73.19,73.05,73.05,2695100,"49,900",-0.09,Negative,-2.07,Negative,6.09,Positive
10/10/2016,COF,McLean,73.889999,73.239998,73.599998,73.330002,72.75,73.33,73.33,1755600,"49,900",-0.27,Negative,-2.07,Negative,7.39,Positive
11/10/2016,COF,McLean,73.440002,71.849998,73.25,72.160004,72.11,72.16,72.16,2254700,"49,900",-1.09,Negative,-1.47,Negative,10.51,Positive
12/10/2016,COF,McLean,72.43,71.739998,71.800003,72.059998,71.56,72.06,72.06,2231700,"49,900",0.26,Positive,0.19,Positive,10.35,Positive
13/10/2016,COF,McLean,71.690002,70.5,71.339996,71.07,71.3,71.07,71.07,4824400,"49,900",-0.27,Negative,2.28,Positive,8.88,Positive
14/10/2016,COF,McLean,72.199997,71.230003,71.709999,71.529999,71.65,71.53,71.53,2872600,"49,900",-0.18,Negative,2.80,Positive,9.85,Positive
17/10/2016,COF,McLean,72.360001,71.739998,71.910004,71.779999,71.88,71.78,71.78,3899900,"49,900",-0.13,Negative,2.98,Positive,10.10,Positive
18/10/2016,COF,McLean,72.769997,71.660004,72.650002,71.989998,72.81,71.99,71.99,3105600,"49,900",-0.66,Negative,2.75,Positive,10.56,Positive
19/10/2016,COF,McLean,73.75,72.059998,72.099998,73.620003,74.07,73.62,73.62,3347600,"49,900",1.52,Positive,3.29,Positive,10.49,Positive
20/10/2016,COF,McLean,75.239998,73.360001,73.760002,74.510002,74.7,74.51,74.51,4502800,"49,900",0.75,Positive,1.67,Positive,10.86,Positive
21/10/2016,COF,McLean,75.099998,73.699997,73.82,74.889999,75.15,74.89,74.89,3947400,"49,900",1.07,Positive,0.98,Positive,10.75,Positive
24/10/2016,COF,McLean,75.730003,75.230003,75.419998,75.400002,75.4,75.4,75.4,3107600,"49,900",-0.02,Negative,-0.79,Negative,7.82,Positive
25/10/2016,COF,McLean,75.779999,75.010002,75.290001,75.389999,75.41,75.39,75.39,4391800,"49,900",0.1,Positive,-1.25,Negative,7.31,Positive
26/10/2016,COF,McLean,76.160004,72.949997,73.480003,75.43,75.12,75.43,75.43,4721100,"49,900",1.95,Positive,-0.25,Negative,10.56,Positive
27/10/2016,COF,McLean,75.860001,74.300003,75.699997,74.800003,74.72,74.8,74.8,2693300,"49,900",-0.9,Negative,-3.09,Negative,10.91,Positive
28/10/2016,COF,McLean,75.089996,73.949997,74.860001,74.629997,74.33,74.63,74.63,3780500,"49,900",-0.23,Negative,-2.54,Negative,11.14,Positive
31/10/2016,COF,McLean,75.139999,73.839996,75.129997,74.040001,73.64,74.04,74.04,3469500,"49,900",-1.09,Negative,-2.03,Negative,11.58,Positive
1/11/2016,COF,McLean,74.510002,72.419998,74.43,73.230003,72.92,73.23,73.23,3967300,"49,900",-1.2,Negative,0.41,Positive,13.41,Positive
2/11/2016,COF,McLean,73.339996,72.190002,73.080002,72.610001,72.47,72.61,72.61,4032200,"49,900",-0.47,Negative,-0.24,Negative,16.50,Positive
3/11/2016,COF,McLean,73.260002,72.150002,72.800003,72.32,72.71,72.32,72.32,5653300,"49,900",-0.48,Negative,3.50,Positive,17.81,Positive
4/11/2016,COF,McLean,73.690002,71.910004,72.400002,73.099998,73.97,73.1,73.1,3646700,"49,900",0.7,Positive,6.83,Positive,18.05,Positive
7/11/2016,COF,McLean,75,74.279999,74.279999,74.839996,73.84,74.84,74.84,4126500,"49,900",0.56,Positive,6.71,Positive,15.14,Positive
8/11/2016,COF,McLean,73.889999,72.300003,73.889999,72.839996,74.57,72.84,72.84,6593300,"49,900",-1.05,Negative,9.87,Positive,15.56,Positive
9/11/2016,COF,McLean,76.660004,73.25,73.650002,76.300003,77.77,76.3,76.3,13256900,"49,900",2.65,Positive,8.50,Positive,15.30,Positive
10/11/2016,COF,McLean,79.690002,76.669998,76.669998,79.230003,80.11,79.23,79.23,7306100,"49,900",2.56,Positive,3.55,Positive,13.69,Positive
11/11/2016,COF,McLean,81.25,78.730003,78.75,80.989998,82.38,80.99,80.99,4614800,"49,900",2.24,Positive,2.81,Positive,10.92,Positive
14/11/2016,COF,McLean,83.82,80.949997,80.980003,83.760002,82.96,83.76,83.76,5462700,"49,900",2.78,Positive,1.03,Positive,9.06,Positive
15/11/2016,COF,McLean,82.690002,79.870003,82.279999,82.150002,81.19,82.15,82.15,6241500,"49,900",-0.13,Negative,0.93,Positive,8.34,Positive
16/11/2016,COF,McLean,81,79.440002,80.370003,80.220001,80.89,80.22,80.22,3698500,"49,900",-0.15,Negative,2.22,Positive,10.07,Positive
17/11/2016,COF,McLean,81.559998,79.32,80.25,81.559998,81.79,81.56,81.56,3073000,"49,900",1.31,Positive,4.37,Positive,8.94,Positive
18/11/2016,COF,McLean,82.389999,81.07,81.389999,82.010002,82.61,82.01,82.01,2306500,"49,900",0.62,Positive,3.18,Positive,8.29,Positive
21/11/2016,COF,McLean,83.349998,82.07,82.730003,83.209999,82.9,83.21,83.21,3128900,"49,900",0.48,Positive,0.51,Positive,7.03,Positive
22/11/2016,COF,McLean,83.879997,82.43,83.400002,82.589996,83.6,82.59,82.59,3812800,"49,900",-0.81,Negative,-0.80,Negative,4.79,Positive
23/11/2016,COF,McLean,84.800003,82.870003,82.870003,84.620003,84.6,84.62,84.62,3417000,"49,900",1.75,Positive,1.17,Positive,4.24,Positive
25/11/2016,COF,McLean,84.790001,83.940002,84.260002,84.57,83.9,84.57,84.57,1582700,"49,900",0.31,Positive,2.35,Positive,2.98,Positive
28/11/2016,COF,McLean,84.550003,83.089996,83.910004,83.239998,82.92,83.24,83.24,3390900,"49,900",-0.67,Negative,2.09,Positive,4.96,Positive
29/11/2016,COF,McLean,83.550003,82.449997,83.419998,82.599998,83.32,82.6,82.6,2242700,"49,900",-0.82,Negative,3.29,Positive,6.88,Positive
30/11/2016,COF,McLean,84.529999,83.32,83.800003,84.040001,85.33,84.04,84.04,3800700,"49,900",0.24,Positive,4.04,Positive,4.58,Positive
1/12/2016,COF,McLean,86.769997,84.169998,84.449997,86.610001,86.31,86.61,86.61,5276900,"49,900",2.16,Positive,5.13,Positive,4.15,Positive
2/12/2016,COF,McLean,86.620003,85.18,86.470001,86,86.35,86,86,5086800,"49,900",-0.47,Negative,4.14,Positive,0.97,Positive
5/12/2016,COF,McLean,87.349998,86.389999,86.480003,86.709999,87.27,86.71,86.71,4257200,"49,900",0.23,Positive,3.97,Positive,2.50,Positive
6/12/2016,COF,McLean,87.889999,85.699997,87,87.839996,88.71,87.84,87.84,3407500,"49,900",0.84,Positive,2.42,Positive,2.14,Positive
7/12/2016,COF,McLean,89.790001,87.260002,87.599998,89.580002,90.1,89.58,89.58,2912300,"49,900",1.98,Positive,1.85,Positive,0.29,Positive
8/12/2016,COF,McLean,91.379997,89.080002,89.919998,90.610001,90.53,90.61,90.61,3180800,"49,900",0.69,Positive,-0.97,Negative,-1.07,Negative
9/12/2016,COF,McLean,90.629997,89.349998,90.610001,90.449997,89.93,90.45,90.45,3428100,"49,900",-0.16,Negative,-0.25,Negative,-4.24,Negative
12/12/2016,COF,McLean,91.080002,89.120003,90.150002,89.419998,89.43,89.42,89.42,3387900,"49,900",-0.73,Negative,-0.48,Negative,-2.87,Negative
13/12/2016,COF,McLean,90.080002,88.32,89.739998,89.449997,89.2,89.45,89.45,2911800,"49,900",-0.29,Negative,0.30,Positive,-3.02,Negative
14/12/2016,COF,McLean,90.120003,88.089996,88.800003,88.949997,89.65,88.95,88.95,3596800,"49,900",0.15,Positive,1.82,Positive,-1.46,Negative
15/12/2016,COF,McLean,91.639999,89.040001,89.57,90.360001,90.01,90.36,90.36,3586200,"49,900",0.79,Positive,0.87,Positive,-2.70,Negative
16/12/2016,COF,McLean,90.660004,89.050003,90.660004,89.669998,89.85,89.67,89.67,9247100,"49,900",-0.99,Negative,-1.47,Negative,-1.93,Negative
19/12/2016,COF,McLean,90.190002,89.120003,89.959999,90.040001,90.33,90.04,90.04,3258100,"49,900",0.08,Positive,-0.28,Negative,-1.58,Negative
20/12/2016,COF,McLean,90.839996,90,90.510002,90.620003,90.53,90.62,90.62,2066500,"49,900",0.11,Positive,-0.75,Negative,-0.80,Negative
21/12/2016,COF,McLean,90.910004,90.129997,90.790001,90.440002,89.82,90.44,90.44,2460600,"49,900",-0.35,Negative,-2.60,Negative,-1.64,Negative
22/12/2016,COF,McLean,90.029999,88.629997,89.93,89.190002,89.44,89.19,89.19,2620800,"49,900",-0.74,Negative,-2.82,Negative,-1.12,Negative
23/12/2016,COF,McLean,90.190002,89.120003,89.349998,89.68,89.72,89.68,89.68,2978600,"49,900",0.33,Positive,-2.11,Negative,-1.96,Negative
27/12/2016,COF,McLean,90.230003,89.650002,90.230003,89.760002,88.98,89.76,89.76,2026000,"49,900",-0.47,Negative,-1.36,Negative,-2.72,Negative
28/12/2016,COF,McLean,89.989998,87.839996,89.989998,88.190002,87.65,88.19,88.19,2231800,"49,900",-1.8,Negative,0.31,Positive,-3.65,Negative
29/12/2016,COF,McLean,88.559998,86.949997,88.419998,87.110001,87.17,87.11,87.11,2097000,"49,900",-1.31,Negative,-0.04,Negative,-0.50,Negative
30/12/2016,COF,McLean,87.589996,86.279999,87.080002,87.239998,88.06,87.24,87.24,2424800,"49,900",0.16,Positive,1.52,Positive,0.54,Positive
3/1/2017,COF,McLean,89.599998,87.790001,88.550003,88.870003,89.59,88.87,88.87,3441100,"49,900",0.32,Positive,-1.11,Negative,-0.44,Negative
4/1/2017,COF,McLean,90.769997,89.129997,89.129997,90.300003,89.34,90.3,90.3,2630900,"49,900",1.17,Positive,-0.15,Negative,-1.59,Negative
5/1/2017,COF,McLean,89.93,87.599998,89.839996,88.379997,88.49,88.38,88.38,2223900,"49,900",-1.46,Negative,-0.70,Negative,-1.30,Negative
6/1/2017,COF,McLean,89.18,88.089996,88.769997,88.599998,88.02,88.6,88.6,1795800,"49,900",-0.17,Negative,-0.88,Negative,-0.37,Negative
9/1/2017,COF,McLean,88.400002,87.400002,88.220001,87.440002,88.21,87.44,87.44,2115500,"49,900",-0.78,Negative,0.63,Positive,0.81,Positive
10/1/2017,COF,McLean,89.370003,87.440002,87.809998,88.980003,89.06,88.98,88.98,3141200,"49,900",1.17,Positive,-1.44,Negative,2.37,Positive
11/1/2017,COF,McLean,89.25,88.010002,88.989998,89.139999,88.51,89.14,89.14,1885100,"49,900",0.15,Positive,-1.71,Negative,1.94,Positive
12/1/2017,COF,McLean,88.849998,86.779999,88.720001,87.889999,88.37,87.89,87.89,2064300,"49,900",-0.83,Negative,-2.00,Negative,1.79,Positive
13/01/2017,COF,McLean,89.739998,88.419998,88.419998,88.849998,87.61,88.85,88.85,2327800,"49,900",0.43,Positive,-1.08,Negative,3.39,Positive
17/01/2017,COF,McLean,88.199997,86.050003,88.199997,86.370003,86.83,86.37,86.37,2185400,"49,900",-1.83,Negative,-1.33,Negative,4.65,Positive
18/01/2017,COF,McLean,87.32,85.769997,86.940002,87.279999,87,87.28,87.28,1706400,"49,900",0.34,Positive,1.79,Positive,5.95,Positive
19/01/2017,COF,McLean,87.589996,86.339996,87.370003,86.720001,87.03,86.72,86.72,1696700,"49,900",-0.65,Negative,1.01,Positive,6.04,Positive
20/01/2017,COF,McLean,88,86.690002,86.720001,87.339996,87.1,87.34,87.34,1684500,"49,900",0.62,Positive,2.99,Positive,5.89,Positive
23/01/2017,COF,McLean,87.779999,86.510002,87.050003,86.870003,87.8,86.87,86.87,2821000,"49,900",-0.18,Negative,2.10,Positive,6.61,Positive
24/01/2017,COF,McLean,89.139999,86.989998,87.519997,88.730003,88.56,88.73,88.73,2711800,"49,900",1.21,Positive,1.29,Positive,6.34,Positive
25/01/2017,COF,McLean,88.830002,87.120003,87.830002,88.379997,89.04,88.38,88.38,5304100,"49,900",0.55,Positive,-0.44,Negative,8.29,Positive
26/01/2017,COF,McLean,89.720001,87.82,88.5,89.709999,89.43,89.71,89.71,3004700,"49,900",1.21,Positive,-0.99,Negative,5.83,Positive
27/01/2017,COF,McLean,90,88.93,89.959999,89.150002,88.98,89.15,89.15,2195200,"49,900",-0.81,Negative,-3.62,Negative,3.98,Positive
30/01/2017,COF,McLean,89.150002,87.379997,89.150002,88.809998,88.1,88.81,88.81,3550400,"49,900",-0.34,Negative,-1.23,Negative,3.85,Positive
31/01/2017,COF,McLean,88.660004,86.68,88.279999,87.389999,87.45,87.39,87.39,2880400,"49,900",-0.89,Negative,-0.66,Negative,4.54,Positive
1/2/2017,COF,McLean,88.949997,87.230003,88.099998,87.510002,86.92,87.51,87.51,2263100,"49,900",-0.59,Negative,0.01,Positive,4.30,Positive
2/2/2017,COF,McLean,87,85.839996,86.739998,86.339996,87.13,86.34,86.34,2147700,"49,900",-0.4,Negative,0.80,Positive,5.37,Positive
3/2/2017,COF,McLean,88.080002,86.660004,87.940002,87.919998,87.77,87.92,87.92,2891200,"49,900",-0.02,Negative,0.60,Positive,4.25,Positive
6/2/2017,COF,McLean,88.400002,87.18,87.349998,87.620003,87.87,87.62,87.62,1430600,"49,900",0.27,Positive,1.05,Positive,4.44,Positive
7/2/2017,COF,McLean,88.419998,87.199997,88.099998,88.110001,87.83,88.11,88.11,3514000,"49,900",0.01,Positive,0.93,Positive,3.65,Positive
8/2/2017,COF,McLean,87.910004,87.050003,87.599998,87.540001,88.04,87.54,87.54,2052600,"49,900",-0.06,Negative,2.58,Positive,2.32,Positive
9/2/2017,COF,McLean,88.699997,87.110001,87.139999,88.540001,88.47,88.54,88.54,1809200,"49,900",1.4,Positive,3.79,Positive,3.07,Positive
10/2/2017,COF,McLean,88.889999,88.089996,88.889999,88.400002,88.72,88.4,88.4,1617300,"49,900",-0.49,Negative,1.62,Positive,-0.66,Negative
13/02/2017,COF,McLean,89.580002,88.709999,88.769997,89.029999,89.6,89.03,89.03,1791300,"49,900",0.26,Positive,3.04,Positive,-1.99,Negative
14/02/2017,COF,McLean,90.510002,88.699997,89.010002,90.18,90.56,90.18,90.18,2140200,"49,900",1.17,Positive,3.84,Positive,-5.36,Negative
15/02/2017,COF,McLean,91.360001,89.610001,90.489998,90.93,90.72,90.93,90.93,2297700,"49,900",0.44,Positive,2.40,Positive,-6.81,Negative
16/02/2017,COF,McLean,91.25,89.82,90.980003,90.510002,91.16,90.51,90.51,1801000,"49,900",-0.47,Negative,2.43,Positive,-7.20,Negative
17/02/2017,COF,McLean,92.040001,90.080002,90.339996,91.809998,92.33,91.81,91.81,4044700,"49,900",1.47,Positive,2.27,Positive,-6.54,Negative
21/02/2017,COF,McLean,93.57,91.610001,91.699997,92.849998,92.87,92.85,92.85,3825200,"49,900",1.15,Positive,1.96,Positive,-9.57,Negative
22/02/2017,COF,McLean,93.239998,92.089996,92.419998,92.889999,93.15,92.89,92.89,1821400,"49,900",0.47,Positive,1.44,Positive,-8.25,Negative
23/02/2017,COF,McLean,93.519997,92.889999,93.25,93.410004,93.01,93.41,93.41,2143000,"49,900",0.16,Positive,2.87,Positive,-8.57,Negative
24/02/2017,COF,McLean,92.800003,91.769997,92.529999,92.610001,93.14,92.61,92.61,2252300,"49,900",0.08,Positive,1.80,Positive,-5.39,Negative
27/02/2017,COF,McLean,93.720001,92.059998,92.389999,93.660004,93.76,93.66,93.66,1730400,"49,900",1.27,Positive,1.55,Positive,-5.73,Negative
28/02/2017,COF,McLean,93.93,92.989998,93.040001,93.860001,94.99,93.86,93.86,3122400,"49,900",0.82,Positive,-0.04,Negative,-7.24,Negative
1/3/2017,COF,McLean,96.919998,94.809998,95,96.120003,95.23,96.12,96.12,3387900,"49,900",1.12,Positive,-2.18,Negative,-9.74,Negative
2/3/2017,COF,McLean,96.330002,94.279999,96.209999,94.330002,94.14,94.33,94.33,1625900,"49,900",-1.88,Negative,-3.81,Negative,-12.08,Negative
3/3/2017,COF,McLean,94.639999,93.330002,94.190002,93.940002,93.47,93.94,93.94,2539200,"49,900",-0.25,Negative,-2.08,Negative,-9.96,Negative
6/3/2017,COF,McLean,93.68,92.849998,93.5,93,92.91,93,93,1936800,"49,900",-0.5,Negative,-1.31,Negative,-9.96,Negative
7/3/2017,COF,McLean,93.339996,92.489998,93.07,92.82,92.61,92.82,92.82,1641300,"49,900",-0.25,Negative,-1.28,Negative,-10.30,Negative
8/3/2017,COF,McLean,94.43,92.279999,94.019997,92.400002,92.26,92.4,92.4,2028600,"49,900",-1.62,Negative,-2.27,Negative,-10.93,Negative
9/3/2017,COF,McLean,93.349998,91.849998,92.769997,92.110001,92.15,92.11,92.11,1653500,"49,900",-0.66,Negative,-2.85,Negative,-10.35,Negative
10/3/2017,COF,McLean,93,91.57,92.82,92.190002,91.99,92.19,92.19,1644300,"49,900",-0.63,Negative,-2.61,Negative,-11.80,Negative
13/03/2017,COF,McLean,92.410004,91.650002,92.199997,91.790001,91.77,91.79,91.79,1830200,"49,900",-0.41,Negative,-3.97,Negative,-9.20,Negative
14/03/2017,COF,McLean,91.779999,90.779999,91.360001,91.75,90.83,91.75,91.75,1730800,"49,900",0.39,Positive,-4.58,Negative,-9.46,Negative
15/03/2017,COF,McLean,91.959999,89.129997,91.010002,89.919998,90.06,89.92,89.92,3179000,"49,900",-1.09,Negative,-7.36,Negative,-9.10,Negative
16/03/2017,COF,McLean,91.089996,89.959999,90.379997,90.209999,89.22,90.21,90.21,1781900,"49,900",-0.17,Negative,-6.70,Negative,-6.66,Negative
17/03/2017,COF,McLean,90.699997,88.010002,90.43,88.230003,87.51,88.23,88.23,3388300,"49,900",-2.2,Negative,-6.65,Negative,-7.76,Negative
20/03/2017,COF,McLean,88.230003,86.580002,88.110001,86.779999,85.22,86.78,86.78,2802000,"49,900",-1.33,Negative,-4.31,Negative,-3.43,Negative
21/03/2017,COF,McLean,87.099998,83.339996,87.099998,83.650002,83.67,83.65,83.65,4559000,"49,900",-3.45,Negative,-4.97,Negative,-1.52,Negative
22/03/2017,COF,McLean,84.440002,82.150002,83.080002,83.68,83.73,83.68,83.68,3133700,"49,900",0.6,Positive,1.09,Positive,-0.02,Negative
23/03/2017,COF,McLean,85.059998,83.230003,83.599998,83.779999,83.79,83.78,83.78,2671200,"49,900",0.18,Positive,1.08,Positive,-1.29,Negative
24/03/2017,COF,McLean,84.519997,83.18,83.989998,83.800003,82.97,83.8,83.8,1966100,"49,900",-0.19,Negative,3.15,Positive,-3.61,Negative
27/03/2017,COF,McLean,82.870003,81.32,81.93,82.129997,83.15,82.13,82.13,4282100,"49,900",0.2,Positive,4.73,Positive,-0.36,Negative
28/03/2017,COF,McLean,84.629997,81.900002,82.010002,84.169998,84.42,84.17,84.17,3789300,"49,900",2.16,Positive,3.79,Positive,0.45,Positive
29/03/2017,COF,McLean,85.190002,84.029999,84.889999,84.68,85.91,84.68,84.68,2488400,"49,900",-0.21,Negative,0.37,Positive,-2.40,Negative
30/03/2017,COF,McLean,87.260002,84.519997,84.82,87.139999,86.9,87.14,87.14,4081700,"49,900",2.32,Positive,-0.69,Negative,-2.33,Negative
31/03/2017,COF,McLean,87.239998,86.279999,86.669998,86.660004,86.23,86.66,86.66,2661900,"49,900",-0.01,Negative,-2.44,Negative,-4.40,Negative
3/4/2017,COF,McLean,86.910004,84.669998,86.879997,85.800003,85.53,85.8,85.8,3158800,"49,900",-1.08,Negative,-3.34,Negative,-4.76,Negative
4/4/2017,COF,McLean,85.900002,85.120003,85.379997,85.260002,84.69,85.26,85.26,1840300,"49,900",-0.12,Negative,-2.61,Negative,-3.06,Negative
5/4/2017,COF,McLean,86.620003,83.980003,86.580002,84.129997,84.18,84.13,84.13,2483700,"49,900",-2.45,Negative,-3.49,Negative,-4.91,Negative
6/4/2017,COF,McLean,84.75,82.550003,83.93,84.230003,83.89,84.23,84.23,4378900,"49,900",0.3,Positive,-1.51,Negative,-3.77,Negative
7/4/2017,COF,McLean,84.330002,82.790001,83.25,83.540001,83.15,83.54,83.54,2767300,"49,900",0.29,Positive,-2.23,Negative,-3.85,Negative
10/4/2017,COF,McLean,83.82,82.529999,83.550003,82.769997,82.93,82.77,82.77,2463300,"49,900",-0.78,Negative,-0.55,Negative,-2.40,Negative
11/4/2017,COF,McLean,83.110001,81.620003,82.400002,83.089996,82.75,83.09,83.09,2351200,"49,900",0.69,Positive,-0.50,Negative,-1.71,Negative
12/4/2017,COF,McLean,83.169998,82.029999,82.639999,82.419998,81.72,82.42,82.42,2317100,"49,900",-0.22,Negative,-0.73,Negative,-4.17,Negative
13/04/2017,COF,McLean,82.959999,80.900002,82.050003,81.019997,82.01,81.02,81.02,3400100,"49,900",-1.03,Negative,1.67,Positive,-2.78,Negative
17/04/2017,COF,McLean,83.029999,80.050003,80.580002,83,82.45,83,83,3759400,"49,900",2.42,Positive,2.09,Positive,-0.31,Negative
18/04/2017,COF,McLean,83.220001,81.160004,82.550003,81.900002,81.91,81.9,81.9,3119400,"49,900",-0.65,Negative,2.13,Positive,-2.92,Negative
19/04/2017,COF,McLean,82.919998,81.580002,82.43,81.910004,82.82,81.91,81.91,2157800,"49,900",-0.52,Negative,3.15,Positive,-2.09,Negative
20/04/2017,COF,McLean,84.050003,82.330002,82.330002,83.720001,83.19,83.72,83.72,2945300,"49,900",1.39,Positive,0.73,Positive,-2.41,Negative
21/04/2017,COF,McLean,83.959999,82.650002,83.639999,82.669998,83.67,82.67,82.67,2524900,"49,900",-0.97,Negative,-1.33,Negative,-4.13,Negative
24/04/2017,COF,McLean,85.050003,84.139999,84.629997,84.68,85.13,84.68,84.68,2897700,"49,900",0.05,Positive,-4.25,Negative,-4.84,Negative
25/04/2017,COF,McLean,86.029999,85.220001,85.370003,85.580002,84.32,85.58,85.58,3480200,"49,900",0.21,Positive,-3.80,Negative,-7.09,Negative
26/04/2017,COF,McLean,84.260002,81.989998,82,83.059998,82.68,83.06,83.06,7440300,"49,900",1.06,Positive,0.46,Positive,-5.08,Negative
27/04/2017,COF,McLean,83.620003,82.260002,83.190002,82.309998,81.34,82.31,82.31,3611600,"49,900",-0.88,Negative,-0.70,Negative,-5.27,Negative
28/04/2017,COF,McLean,82.169998,79.910004,81.43,80.379997,80.97,80.38,80.38,6133200,"49,900",-1.05,Negative,1.06,Positive,-3.39,Negative
1/5/2017,COF,McLean,81.989998,80.760002,81.169998,81.57,82.01,81.57,81.57,3555300,"49,900",0.4,Positive,1.10,Positive,-2.84,Negative
2/5/2017,COF,McLean,82.470001,80.970001,81.580002,82.459999,82.47,82.46,82.46,3046100,"49,900",0.88,Positive,0.54,Positive,-3.31,Negative
3/5/2017,COF,McLean,82.82,81.779999,82.080002,82.489998,82.49,82.49,82.49,2456600,"49,900",0.41,Positive,0.24,Positive,-3.18,Negative
4/5/2017,COF,McLean,83.209999,82.169998,83.019997,82.489998,82.38,82.49,82.49,3176200,"49,900",-0.53,Negative,-1.35,Negative,-3.60,Negative
5/5/2017,COF,McLean,82.989998,82,82.879997,82.269997,82.2,82.27,82.27,2326600,"49,900",-0.61,Negative,-2.72,Negative,-2.81,Negative
8/5/2017,COF,McLean,82.410004,81.839996,82.339996,82.120003,82.22,82.12,82.12,1760800,"49,900",-0.22,Negative,-2.94,Negative,-2.17,Negative
9/5/2017,COF,McLean,82.809998,81.82,82.199997,82.32,81.99,82.32,82.32,2786100,"49,900",0.12,Positive,-1.05,Negative,-1.63,Negative
10/5/2017,COF,McLean,82.440002,81.529999,82.019997,81.669998,80.92,81.67,81.67,2831700,"49,900",-0.35,Negative,-1.33,Negative,-1.93,Negative
11/5/2017,COF,McLean,81.279999,79.660004,80.989998,80.160004,79.78,80.16,80.16,3771600,"49,900",-0.83,Negative,-2.52,Negative,0.36,Positive
12/5/2017,COF,McLean,80.360001,78.690002,79.830002,79.400002,80.28,79.4,79.4,3953300,"49,900",-0.43,Negative,-0.56,Negative,1.48,Positive
15/05/2017,COF,McLean,81.550003,80.010002,80.010002,81.150002,80.92,81.15,81.15,2563500,"49,900",1.14,Positive,0.26,Positive,1.72,Positive
16/05/2017,COF,McLean,81.419998,80.559998,81.309998,80.690002,79.58,80.69,80.69,1985200,"49,900",-0.62,Negative,-1.68,Negative,-0.09,Negative
17/05/2017,COF,McLean,80.690002,78.169998,80.690002,78.470001,78.87,78.47,78.47,3149600,"49,900",-2.22,Negative,-0.35,Negative,0.19,Positive
18/05/2017,COF,McLean,80.139999,78.339996,78.459999,79.269997,79.77,79.27,79.27,5927100,"49,900",0.81,Positive,1.46,Positive,1.93,Positive
19/05/2017,COF,McLean,81.099998,79.25,79.57,80.269997,79.95,80.27,80.27,2796300,"49,900",0.7,Positive,-0.06,Negative,-0.05,Negative
22/05/2017,COF,McLean,80.93,79.279999,80.730003,79.629997,79.98,79.63,79.63,2404800,"49,900",-1.1,Negative,-0.94,Negative,-0.14,Negative
23/05/2017,COF,McLean,80.68,79.110001,79.690002,80.339996,80.13,80.34,80.34,1995100,"49,900",0.65,Positive,-1.41,Negative,1.69,Positive
24/05/2017,COF,McLean,80.349998,79.75,80.349998,79.919998,79.72,79.92,79.92,1582300,"49,900",-0.43,Negative,-3.43,Negative,2.63,Positive
25/05/2017,COF,McLean,80.510002,79.18,79.900002,79.510002,79.65,79.51,79.51,2122400,"49,900",-0.39,Negative,-1.98,Negative,1.57,Positive
26/05/2017,COF,McLean,80.110001,79.080002,79.5,79.790001,79.04,79.79,79.79,2365600,"49,900",0.29,Positive,-1.46,Negative,3.12,Positive
30/05/2017,COF,McLean,79.589996,78.230003,79.400002,78.279999,77.6,78.28,78.28,2361700,"49,900",-1.12,Negative,-1.07,Negative,4.16,Positive
31/05/2017,COF,McLean,78.389999,76.050003,78.389999,76.919998,77.42,76.92,76.92,4272400,"49,900",-1.47,Negative,-0.12,Negative,4.31,Positive
1/6/2017,COF,McLean,77.970001,76.809998,77.459999,77.919998,77.98,77.92,77.92,3298700,"49,900",0.46,Positive,1.44,Positive,4.65,Positive
2/6/2017,COF,McLean,78.339996,76.910004,77.419998,78.040001,78.19,78.04,78.04,2529400,"49,900",0.62,Positive,2.00,Positive,5.08,Positive
5/6/2017,COF,McLean,78.830002,77.779999,78.050003,78.330002,78.3,78.33,78.33,2017300,"49,900",0.28,Positive,2.02,Positive,4.00,Positive
6/6/2017,COF,McLean,78.43,77.099998,77.769997,78.269997,78.58,78.27,78.27,2507300,"49,900",0.5,Positive,2.40,Positive,3.27,Positive
7/6/2017,COF,McLean,79.519997,78.209999,78.519997,78.900002,79.16,78.9,78.9,2442400,"49,900",0.38,Positive,2.05,Positive,3.68,Positive
8/6/2017,COF,McLean,80.160004,78.790001,78.900002,79.419998,79.74,79.42,79.42,2306500,"49,900",0.52,Positive,1.19,Positive,3.69,Positive
9/6/2017,COF,McLean,80.419998,79.309998,80.07,80.07,80.12,80.07,80.07,3484200,"49,900",0,,1.28,Positive,2.43,Positive
12/6/2017,COF,McLean,80.959999,79.610001,80.150002,80.169998,80.37,80.17,80.17,2638200,"49,900",0.02,Positive,1.16,Positive,2.02,Positive
13/06/2017,COF,McLean,80.919998,79.849998,80.5,80.57,80.33,80.57,80.57,2690700,"49,900",0.07,Positive,1.23,Positive,1.07,Positive
14/06/2017,COF,McLean,80.199997,78.459999,79.459999,80.089996,80.72,80.09,80.09,2858400,"49,900",0.63,Positive,1.76,Positive,1.92,Positive
15/06/2017,COF,McLean,81.550003,79.489998,79.610001,81.349998,81.33,81.35,81.35,3871300,"49,900",1.74,Positive,1.27,Positive,1.40,Positive
16/06/2017,COF,McLean,81.650002,80.93,81.459999,81.309998,81.52,81.31,81.31,3266400,"49,900",-0.15,Negative,-1.07,Negative,6.48,Positive
19/06/2017,COF,McLean,81.949997,81.290001,81.730003,81.730003,81.48,81.73,81.73,3232200,"49,900",0,,-2.21,Negative,5.39,Positive
20/06/2017,COF,McLean,81.75,81.089996,81.629997,81.220001,81.05,81.22,81.22,2695800,"49,900",-0.41,Negative,-1.04,Negative,5.46,Positive
21/06/2017,COF,McLean,81.300003,80.690002,81.300003,80.879997,80.63,80.88,80.88,2602300,"49,900",-0.42,Negative,0.08,Positive,4.41,Positive
22/06/2017,COF,McLean,80.830002,80.07,80.730003,80.389999,79.95,80.39,80.39,2241000,"49,900",-0.34,Negative,2.25,Positive,4.07,Positive
23/06/2017,COF,McLean,80.779999,79.370003,80.75,79.519997,80.05,79.52,79.52,3163900,"49,900",-1.23,Negative,0.72,Positive,4.22,Positive
26/06/2017,COF,McLean,80.839996,79.620003,79.889999,80.589996,80.98,80.59,80.59,2149000,"49,900",0.7,Positive,2.73,Positive,6.29,Positive
27/06/2017,COF,McLean,82.239998,80.760002,80.849998,81.379997,82.18,81.38,81.38,2045500,"49,900",0.53,Positive,2.71,Positive,5.16,Positive
28/06/2017,COF,McLean,83.519997,82.050003,82.120003,82.980003,82.23,82.98,82.98,3789300,"49,900",0.86,Positive,0.58,Positive,3.59,Positive
29/06/2017,COF,McLean,83,80.470001,81.75,81.470001,82.05,81.47,81.47,6081700,"49,900",-0.28,Negative,0.36,Positive,2.84,Positive
30/06/2017,COF,McLean,83.18,81.589996,82.019997,82.620003,83.09,82.62,82.62,2969600,"49,900",0.6,Positive,0.48,Positive,2.39,Positive
3/7/2017,COF,McLean,84.480003,83.220001,83.419998,83.559998,83.13,83.56,83.56,1558400,"49,900",0.14,Positive,-1.37,Negative,1.73,Positive
5/7/2017,COF,McLean,83.809998,82.050003,83.389999,82.699997,82.4,82.7,82.7,2883500,"49,900",-0.69,Negative,-2.35,Negative,2.12,Positive
6/7/2017,COF,McLean,82.940002,81.940002,82.32,82.110001,82.31,82.11,82.11,3517800,"49,900",-0.21,Negative,-0.12,Negative,2.82,Positive
7/7/2017,COF,McLean,82.68,81.919998,82.660004,82.5,82.28,82.5,82.5,1635300,"49,900",-0.16,Negative,-0.07,Negative,0.40,Positive
10/7/2017,COF,McLean,82.480003,81.959999,82.379997,82.050003,81.55,82.05,82.05,2387600,"49,900",-0.33,Negative,0.12,Positive,0.42,Positive
11/7/2017,COF,McLean,82.160004,80.800003,82.080002,81.040001,81.62,81.04,81.04,2743500,"49,900",-1.04,Negative,0.09,Positive,2.18,Positive
12/7/2017,COF,McLean,82.379997,80.639999,80.989998,82.199997,82.39,82.2,82.2,2477500,"49,900",1.21,Positive,0.58,Positive,3.16,Positive
13/07/2017,COF,McLean,82.779999,82.019997,82.25,82.589996,82.54,82.59,82.59,1641400,"49,900",0.34,Positive,-0.87,Negative,1.57,Positive
14/07/2017,COF,McLean,82.860001,81.18,81.839996,82.5,82.33,82.5,82.5,1966200,"49,900",0.66,Positive,-0.83,Negative,0.15,Positive
17/07/2017,COF,McLean,82.589996,81.889999,82.410004,82.169998,81.87,82.17,82.17,1922600,"49,900",-0.24,Negative,5.53,Positive,-0.88,Negative
18/07/2017,COF,McLean,81.870003,80.970001,81.720001,81.57,81.47,81.57,81.57,1343000,"49,900",-0.15,Negative,5.40,Positive,-0.30,Negative
19/07/2017,COF,McLean,81.989998,80.769997,81.949997,81.379997,81.19,81.38,81.38,3167500,"49,900",-0.57,Negative,5.14,Positive,-0.51,Negative
20/07/2017,COF,McLean,81.519997,80.040001,81.209999,81.010002,84.48,81.01,81.01,4966700,"49,900",-0.2,Negative,4.50,Positive,0.08,Positive
21/07/2017,COF,McLean,88.239998,84.550003,85.370003,87.940002,87.53,87.94,87.94,9687000,"49,900",2.57,Positive,-0.57,Negative,-3.94,Negative
24/07/2017,COF,McLean,87.550003,86.650002,87.519997,87.120003,87.1,87.12,87.12,3908500,"49,900",-0.4,Negative,-2.55,Negative,-6.03,Negative
25/07/2017,COF,McLean,88.199997,86.660004,88,87.089996,86.4,87.09,87.09,3267400,"49,900",-0.91,Negative,-1.82,Negative,-7.45,Negative
26/07/2017,COF,McLean,87.220001,85.620003,87.18,85.709999,85.26,85.71,85.71,2504300,"49,900",-1.47,Negative,-1.17,Negative,-7.44,Negative
27/07/2017,COF,McLean,85.949997,84.400002,85.919998,84.800003,84.89,84.8,84.8,2884200,"49,900",-1.12,Negative,-0.21,Negative,-5.83,Negative
28/07/2017,COF,McLean,85.139999,83.809998,84.849998,84.970001,85.58,84.97,84.97,3164200,"49,900",0.12,Positive,-0.26,Negative,-5.24,Negative
31/07/2017,COF,McLean,86.650002,85.160004,85.419998,86.18,86.1,86.18,86.18,2927400,"49,900",0.76,Positive,-1.01,Negative,-5.11,Negative
1/8/2017,COF,McLean,86.730003,85.639999,86.639999,86.010002,85.86,86.01,86.01,2276400,"49,900",-0.63,Negative,-1.49,Negative,-7.98,Negative
2/8/2017,COF,McLean,86.019997,85.379997,85.849998,85.709999,85.15,85.71,85.71,2696300,"49,900",-0.14,Negative,-0.34,Negative,-6.38,Negative
3/8/2017,COF,McLean,85.629997,84.489998,85.309998,84.589996,84.5,84.59,84.59,2505000,"49,900",-0.72,Negative,-0.17,Negative,-7.08,Negative
4/8/2017,COF,McLean,85.419998,84.260002,85.330002,84.410004,84.78,84.41,84.41,2624000,"49,900",-0.92,Negative,-2.27,Negative,-7.12,Negative
7/8/2017,COF,McLean,85.419998,84.379997,84.620003,85.150002,85.33,85.15,85.15,1388300,"49,900",0.53,Positive,-1.82,Negative,-5.56,Negative
8/8/2017,COF,McLean,87.370003,85.029999,85.029999,85.510002,85.33,85.51,85.51,1993600,"49,900",0.48,Positive,-0.77,Negative,-5.46,Negative
9/8/2017,COF,McLean,85.279999,84.449997,84.959999,85.139999,84.1,85.14,85.14,1338100,"49,900",0.18,Positive,-0.81,Negative,-4.75,Negative
10/8/2017,COF,McLean,84.639999,82.989998,84.5,83.059998,82.93,83.06,83.06,2037000,"49,900",-1.44,Negative,-0.68,Negative,-5.80,Negative
11/8/2017,COF,McLean,83.470001,82.330002,83.370003,82.800003,83.53,82.8,82.8,1989300,"49,900",-0.57,Negative,-1.38,Negative,-3.33,Negative
14/08/2017,COF,McLean,84.709999,83.529999,83.809998,84.260002,84.21,84.26,84.26,1780000,"49,900",0.45,Positive,-2.28,Negative,-3.56,Negative
15/08/2017,COF,McLean,85.120003,83.32,84.93,84.150002,83.99,84.15,84.15,2313700,"49,900",-0.78,Negative,-3.51,Negative,-3.97,Negative
16/08/2017,COF,McLean,85,83.599998,84.730003,83.82,82.9,83.82,83.82,1192600,"49,900",-0.91,Negative,-3.29,Negative,-2.93,Negative
17/08/2017,COF,McLean,84.040001,81.959999,83.790001,81.989998,81.76,81.99,81.99,1758100,"49,900",-1.8,Negative,-2.50,Negative,-2.21,Negative
18/08/2017,COF,McLean,82.489998,81.32,81.68,81.529999,81.47,81.53,81.53,2415300,"49,900",-0.15,Negative,-0.25,Negative,0.26,Positive
21/08/2017,COF,McLean,81.730003,81.089996,81.639999,81.419998,81.43,81.42,81.42,1409900,"49,900",-0.22,Negative,-0.15,Negative,0.84,Positive
22/08/2017,COF,McLean,82.07,80.790001,81.709999,81.440002,81.37,81.44,81.44,1878500,"49,900",-0.27,Negative,-1.16,Negative,1.09,Positive
23/08/2017,COF,McLean,82.120003,81,81.019997,81.290001,81.36,81.29,81.29,1150800,"49,900",0.27,Positive,-1.28,Negative,2.91,Positive
24/08/2017,COF,McLean,81.839996,81.160004,81.5,81.43,81.46,81.43,81.43,901400,"49,900",-0.07,Negative,-1.41,Negative,2.62,Positive
25/08/2017,COF,McLean,82.370003,81.440002,81.75,81.489998,81.02,81.49,81.49,1204500,"49,900",-0.26,Negative,-2.14,Negative,2.91,Positive
28/08/2017,COF,McLean,81.760002,80.349998,81.690002,80.550003,80.15,80.55,80.55,1356100,"49,900",-1.14,Negative,-1.38,Negative,4.23,Positive
29/08/2017,COF,McLean,79.910004,78.93,79.75,79.739998,79.91,79.74,79.74,3162800,"49,900",-0.01,Negative,-1.09,Negative,6.62,Positive
30/08/2017,COF,McLean,80.75,79.529999,79.739998,80.089996,79.85,80.09,80.09,2096300,"49,900",0.35,Positive,-0.27,Negative,6.60,Positive
31/08/2017,COF,McLean,80.660004,79.5,80.519997,79.610001,79.96,79.61,79.61,3606100,"49,900",-0.91,Negative,-2.29,Negative,6.57,Positive
1/9/2017,COF,McLean,80.760002,79.610001,79.860001,80.309998,79.49,80.31,80.31,2438600,"49,900",0.45,Positive,-1.65,Negative,7.18,Positive
5/9/2017,COF,McLean,79.75,78.279999,79.639999,78.660004,79.07,78.66,78.66,2581400,"49,900",-0.98,Negative,-0.58,Negative,7.66,Positive
6/9/2017,COF,McLean,80,78.800003,78.989998,79.470001,78.85,79.47,79.47,3434300,"49,900",0.48,Positive,0.58,Positive,8.31,Positive
7/9/2017,COF,McLean,79.580002,77.760002,79.529999,78.230003,78.22,78.23,78.23,3655300,"49,900",-1.3,Negative,0.68,Positive,7.22,Positive
8/9/2017,COF,McLean,78.559998,76.980003,77.449997,78.209999,78.63,78.21,78.21,2945500,"49,900",0.76,Positive,1.25,Positive,7.14,Positive
11/9/2017,COF,McLean,79.620003,78.389999,78.879997,79.059998,79.31,79.06,79.06,2388400,"49,900",0.18,Positive,1.16,Positive,6.48,Positive
12/9/2017,COF,McLean,80,79.190002,79.389999,79.57,79.89,79.57,79.57,2270300,"49,900",0.18,Positive,0.86,Positive,7.46,Positive
13/09/2017,COF,McLean,80.580002,79.199997,79.440002,80.209999,79.45,80.21,80.21,3485200,"49,900",0.77,Positive,1.52,Positive,6.63,Positive
14/09/2017,COF,McLean,80.580002,78.459999,80.169998,78.699997,79.37,78.7,78.7,4228500,"49,900",-1.47,Negative,1.63,Positive,6.49,Positive
15/09/2017,COF,McLean,80.129997,78.57,78.599998,80.040001,80.15,80.04,80.04,4445800,"49,900",1.44,Positive,2.98,Positive,8.88,Positive
18/09/2017,COF,McLean,80.540001,79.690002,80.190002,80.25,80.6,80.25,80.25,3766200,"49,900",0.06,Positive,1.75,Positive,9.48,Positive
19/09/2017,COF,McLean,81.370003,80.199997,80.199997,80.959999,81.38,80.96,80.96,2693700,"49,900",0.76,Positive,2.28,Positive,9.52,Positive
20/09/2017,COF,McLean,82.07,80.650002,81.209999,81.800003,81.69,81.8,81.8,3187500,"49,900",0.59,Positive,1.59,Positive,8.31,Positive
21/09/2017,COF,McLean,82.150002,80.889999,81.559998,81.580002,81.76,81.58,81.58,2626500,"49,900",0.02,Positive,2.37,Positive,9.26,Positive
22/09/2017,COF,McLean,82.080002,81.150002,81.309998,81.940002,82.21,81.94,81.94,1716700,"49,900",0.63,Positive,2.81,Positive,11.21,Positive
25/09/2017,COF,McLean,82.720001,81.790001,81.889999,82.480003,82.64,82.48,82.48,1812300,"49,900",0.59,Positive,2.77,Positive,10.89,Positive
26/09/2017,COF,McLean,83.150002,82.25,82.68,82.800003,83.37,82.8,82.8,1735000,"49,900",0.12,Positive,3.24,Positive,9.75,Positive
27/09/2017,COF,McLean,84.440002,83.18,83.800003,83.93,84.03,83.93,83.93,2402300,"49,900",0.13,Positive,2.57,Positive,8.38,Positive
28/09/2017,COF,McLean,84.449997,83.339996,83.949997,84.120003,84.39,84.12,84.12,1997800,"49,900",0.17,Positive,2.39,Positive,7.95,Positive
29/09/2017,COF,McLean,84.879997,83.800003,84.360001,84.660004,85.29,84.66,84.66,1978100,"49,900",0.3,Positive,2.73,Positive,8.09,Positive
2/10/2017,COF,McLean,86.029999,84.690002,84.980003,85.919998,86.15,85.92,85.92,3815400,"49,900",0.94,Positive,2.06,Positive,6.62,Positive
3/10/2017,COF,McLean,86.389999,85.529999,85.93,86.370003,86.35,86.37,86.37,2660000,"49,900",0.44,Positive,1.37,Positive,6.37,Positive
4/10/2017,COF,McLean,86.610001,85.970001,86.400002,86.339996,86.71,86.34,86.34,2034200,"49,900",-0.06,Negative,0.90,Positive,3.72,Positive
5/10/2017,COF,McLean,87.43,86.040001,86.459999,87.089996,87.06,87.09,87.09,1681700,"49,900",0.63,Positive,0.29,Positive,2.51,Positive
6/10/2017,COF,McLean,87.220001,86.43,87.050003,87.040001,87.17,87.04,87.04,1914800,"49,900",-0.01,Negative,-2.46,Negative,1.06,Positive
9/10/2017,COF,McLean,87.720001,87.059998,87.489998,87.300003,87.3,87.3,87.3,1436100,"49,900",-0.19,Negative,-2.13,Negative,-0.34,Negative
10/10/2017,COF,McLean,87.989998,87.209999,87.349998,87.300003,87.03,87.3,87.3,1299200,"49,900",-0.05,Negative,-0.50,Negative,-0.40,Negative
11/10/2017,COF,McLean,87.5,86.709999,87.5,86.75,85.67,86.75,86.75,1570400,"49,900",-0.75,Negative,-1.43,Negative,-1.50,Negative
12/10/2017,COF,McLean,86.599998,84.5,86.400002,84.589996,84.97,84.59,84.59,2795700,"49,900",-1.81,Negative,0.26,Positive,1.23,Positive
13/10/2017,COF,McLean,85.830002,83.879997,84.300003,85.360001,86.1,85.36,85.36,1931700,"49,900",1.06,Positive,3.18,Positive,2.85,Positive
16/10/2017,COF,McLean,86.870003,85.519997,85.790001,86.849998,86.46,86.85,86.85,2217300,"49,900",1.06,Positive,3.88,Positive,2.04,Positive
17/10/2017,COF,McLean,86.980003,85.910004,86.980003,86.07,86.37,86.07,86.07,1450500,"49,900",-0.91,Negative,2.74,Positive,1.29,Positive
18/10/2017,COF,McLean,86.769997,85.949997,86.330002,86.660004,87.07,86.66,86.66,1167600,"49,900",0.33,Positive,3.19,Positive,1.62,Positive
19/10/2017,COF,McLean,87.5,85.599998,85.809998,87.480003,88.58,87.48,87.48,2045100,"49,900",1.67,Positive,5.01,Positive,1.45,Positive
20/10/2017,COF,McLean,89.68,88.400002,88.559998,89.669998,89.69,89.67,89.67,3763100,"49,900",1.11,Positive,3.96,Positive,-1.18,Negative
23/10/2017,COF,McLean,90,89.010002,89.610001,89.720001,89.62,89.72,89.72,2221200,"49,900",0.11,Positive,3.17,Positive,-2.74,Negative
24/10/2017,COF,McLean,90,88.790001,89.940002,89.519997,90.17,89.52,89.52,2685200,"49,900",-0.42,Negative,2.49,Positive,-0.19,Negative
25/10/2017,COF,McLean,92,89.970001,91.099998,90.82,91.67,90.82,90.82,5992500,"49,900",-0.28,Negative,1.08,Positive,-0.13,Negative
26/10/2017,COF,McLean,92.720001,90.980003,91,92.519997,92.65,92.52,92.52,3210100,"49,900",1.52,Positive,0.90,Positive,,
27/10/2017,COF,McLean,92.980003,92,92.669998,92.779999,92.6,92.78,92.78,2235500,"49,900",0.11,Positive,-0.22,Negative,,
30/10/2017,COF,McLean,93.400002,92.099998,92.099998,92.43,92.31,92.43,92.43,1847600,"49,900",0.33,Positive,-0.50,Negative,,
31/10/2017,COF,McLean,93,92.010002,92.629997,92.18,92.04,92.18,92.18,2184700,"49,900",-0.45,Negative,-0.33,Negative,,
1/11/2017,COF,McLean,92.989998,91.410004,92.660004,91.900002,92.17,91.9,91.9,1701800,"49,900",-0.76,Negative,-2.54,Negative,,
2/11/2017,COF,McLean,92.690002,91,91.489998,92.449997,92.02,92.45,92.45,1337100,"49,900",0.96,Positive,-2.52,Negative,,
3/11/2017,COF,McLean,92.400002,91.419998,92.089996,91.599998,91.95,91.6,91.6,2052000,"49,900",-0.49,Negative,-3.98,Negative,,
6/11/2017,COF,McLean,92.370003,91.330002,91.849998,92.300003,91.21,92.3,92.3,1369900,"49,900",0.45,Positive,-4.70,Negative,,
7/11/2017,COF,McLean,92.559998,89.959999,92.290001,90.120003,89.55,90.12,90.12,1846600,"49,900",-2.17,Negative,-5.34,Negative,,
8/11/2017,COF,McLean,89.989998,88.580002,89.800003,88.970001,88.54,88.97,88.97,2240900,"49,900",-0.83,Negative,-3.80,Negative,,
9/11/2017,COF,McLean,88.620003,86.809998,88.379997,88.110001,87.63,88.11,88.11,2148000,"49,900",-0.27,Negative,-0.75,Negative,,
10/11/2017,COF,McLean,87.529999,86.779999,87.190002,87.150002,87.05,87.15,87.15,1591700,"49,900",-0.04,Negative,-0.04,Negative,,
13/11/2017,COF,McLean,87.18,86.010002,86.620003,86.949997,86.47,86.95,86.95,2370400,"49,900",0.33,Positive,1.21,Positive,,
14/11/2017,COF,McLean,86.599998,85.410004,86.43,86,86.81,86,86,3369500,"49,900",-0.43,Negative,1.84,Positive,,
15/11/2017,COF,McLean,87.959999,85.169998,85.18,87.629997,87.39,87.63,87.63,2842800,"49,900",2.45,Positive,2.77,Positive,,
16/11/2017,COF,McLean,88.559998,86.940002,87.919998,87.150002,87.49,87.15,87.15,2017600,"49,900",-0.77,Negative,-0.66,Negative,,
17/11/2017,COF,McLean,88.230003,86.889999,86.93,87.830002,88.05,87.83,87.83,1687300,"49,900",0.9,Positive,0.45,Positive,,
20/11/2017,COF,McLean,88.459999,87.68,87.989998,88.269997,88.11,88.27,88.27,1602200,"49,900",0.28,Positive,-1.12,Negative,,
21/11/2017,COF,McLean,89.040001,87.580002,88.839996,87.949997,87.6,87.95,87.95,1298800,"49,900",-0.89,Negative,0.91,Positive,,
22/11/2017,COF,McLean,88.139999,87.099998,87.980003,87.260002,87.32,87.26,87.26,1265200,"49,900",-0.72,Negative,2.99,Positive,,
24/11/2017,COF,McLean,87.800003,87.239998,87.800003,87.379997,87.13,87.38,87.38,506400,"49,900",-0.42,Negative,,,,
27/11/2017,COF,McLean,87.379997,86.57,87.330002,86.870003,88.31,86.87,86.87,1629500,"49,900",-0.46,Negative,,,,
28/11/2017,COF,McLean,89.849998,86.699997,87.220001,89.75,89.75,89.75,89.75,2161700,"49,900",2.53,Positive,,,,
29/11/2017,COF,McLean,92.31,89.73,90.58,90.97,89.75,89.75,89.75,3229400,"49,900",0.39,Positive,,,,
